0.000000 1.000000 0
0.000000 2.000000 0

0.125000 1.000000 0
0.125000 2.000000 0

0.250000 1.000000 0
0.250000 2.000000 0

0.375000 1.000000 0
0.375000 2.000000 0

0.500000 1.000000 0
0.500000 2.000000 0

0.625000 1.000000 0
0.625000 2.000000 0

0.750000 1.000000 0
0.750000 2.000000 0

0.875000 1.000000 0
0.875000 2.000000 0

1.000000 1.000000 0
1.000000 2.000000 0

1.125000 1.000000 0
1.125000 2.000000 0

1.250000 1.000000 0
1.250000 2.000000 0

1.375000 1.000000 0
1.375000 2.000000 0

1.500000 1.000000 0
1.500000 2.000000 0

1.625000 1.000000 0
1.625000 2.000000 0

1.750000 1.000000 0
1.750000 2.000000 0

1.875000 1.000000 0
1.875000 2.000000 0

2.000000 1.000000 0
2.000000 2.000000 0

2.125000 1.000000 0
2.125000 2.000000 0

2.250000 1.000000 0
2.250000 2.000000 0

2.375000 1.000000 0
2.375000 2.000000 0

2.500000 1.000000 1
2.500000 2.000000 0

2.625000 1.000000 1
2.625000 2.000000 0

2.750000 1.000000 1
2.750000 2.000000 0

2.875000 1.000000 1
2.875000 2.000000 0

3.000000 1.000000 1
3.000000 2.000000 0

3.125000 1.000000 1
3.125000 2.000000 0

3.250000 1.000000 1
3.250000 2.000000 0

3.375000 1.000000 1
3.375000 2.000000 0

3.500000 1.000000 1
3.500000 2.000000 0

3.625000 1.000000 1
3.625000 2.000000 0

3.750000 1.000000 1
3.750000 2.000000 0

3.875000 1.000000 1
3.875000 2.000000 0

4.000000 1.000000 1
4.000000 2.000000 0

4.125000 1.000000 1
4.125000 2.000000 0

4.250000 1.000000 1
4.250000 2.000000 0

4.375000 1.000000 0
4.375000 2.000000 0

4.500000 1.000000 0
4.500000 2.000000 0

4.625000 1.000000 0
4.625000 2.000000 0

4.750000 1.000000 0
4.750000 2.000000 0

4.875000 1.000000 1
4.875000 2.000000 0

5.000000 1.000000 1
5.000000 2.000000 0

5.125000 1.000000 0
5.125000 2.000000 0

5.250000 1.000000 0
5.250000 2.000000 0

5.375000 1.000000 0
5.375000 2.000000 0

5.500000 1.000000 0
5.500000 2.000000 0

5.625000 1.000000 0
5.625000 2.000000 0

5.750000 1.000000 0
5.750000 2.000000 0

5.875000 1.000000 0
5.875000 2.000000 0

6.000000 1.000000 0
6.000000 2.000000 0

6.125000 1.000000 0
6.125000 2.000000 0

6.250000 1.000000 0
6.250000 2.000000 0

6.375000 1.000000 0
6.375000 2.000000 0

6.500000 1.000000 0
6.500000 2.000000 0

6.625000 1.000000 0
6.625000 2.000000 0

6.750000 1.000000 0
6.750000 2.000000 0

6.875000 1.000000 0
6.875000 2.000000 0

7.000000 1.000000 0
7.000000 2.000000 0

7.125000 1.000000 0
7.125000 2.000000 0

7.250000 1.000000 0
7.250000 2.000000 0

7.375000 1.000000 0
7.375000 2.000000 0

7.500000 1.000000 0
7.500000 2.000000 0

7.625000 1.000000 0
7.625000 2.000000 0

7.750000 1.000000 0
7.750000 2.000000 0

7.875000 1.000000 0
7.875000 2.000000 0

8.000000 1.000000 0
8.000000 2.000000 0

8.125000 1.000000 0
8.125000 2.000000 0

8.250000 1.000000 0
8.250000 2.000000 0

8.375000 1.000000 0
8.375000 2.000000 0

8.500000 1.000000 0
8.500000 2.000000 0

8.625000 1.000000 0
8.625000 2.000000 0

8.750000 1.000000 0
8.750000 2.000000 0

8.875000 1.000000 0
8.875000 2.000000 0

9.000000 1.000000 0
9.000000 2.000000 0

9.125000 1.000000 0
9.125000 2.000000 0

9.250000 1.000000 0
9.250000 2.000000 0

9.375000 1.000000 0
9.375000 2.000000 0

9.500000 1.000000 0
9.500000 2.000000 0

9.625000 1.000000 0
9.625000 2.000000 0

9.750000 1.000000 0
9.750000 2.000000 0

9.875000 1.000000 0
9.875000 2.000000 0

10.000000 1.000000 0
10.000000 2.000000 0

10.125000 1.000000 0
10.125000 2.000000 0

10.250000 1.000000 0
10.250000 2.000000 0

10.375000 1.000000 0
10.375000 2.000000 0

10.500000 1.000000 0
10.500000 2.000000 0

10.625000 1.000000 0
10.625000 2.000000 0

10.750000 1.000000 0
10.750000 2.000000 0

10.875000 1.000000 0
10.875000 2.000000 0

11.000000 1.000000 0
11.000000 2.000000 0

11.125000 1.000000 0
11.125000 2.000000 0

11.250000 1.000000 0
11.250000 2.000000 0

11.375000 1.000000 0
11.375000 2.000000 0

11.500000 1.000000 0
11.500000 2.000000 0

11.625000 1.000000 0
11.625000 2.000000 0

11.750000 1.000000 0
11.750000 2.000000 0

11.875000 1.000000 0
11.875000 2.000000 0

12.000000 1.000000 0
12.000000 2.000000 0

12.000000 1.000000 0
12.000000 2.000000 0

