0.000000 1.000000 0
0.000000 2.000000 0

0.120000 1.000000 0
0.120000 2.000000 0

0.240000 1.000000 0
0.240000 2.000000 0

0.360000 1.000000 0
0.360000 2.000000 0

0.480000 1.000000 0
0.480000 2.000000 0

0.600000 1.000000 0
0.600000 2.000000 0

0.720000 1.000000 0
0.720000 2.000000 0

0.840000 1.000000 0
0.840000 2.000000 0

0.960000 1.000000 0
0.960000 2.000000 0

1.080000 1.000000 0
1.080000 2.000000 0

1.200000 1.000000 0
1.200000 2.000000 0

1.320000 1.000000 1.10939e-09
1.320000 2.000000 0

1.440000 1.000000 2.91883e-09
1.440000 2.000000 0

1.560000 1.000000 5.4434e-09
1.560000 2.000000 0

1.680000 1.000000 9.11952e-09
1.680000 2.000000 0

1.800000 1.000000 1.47869e-08
1.800000 2.000000 0

1.920000 1.000000 2.42447e-08
1.920000 2.000000 0

2.040000 1.000000 4.1993e-08
2.040000 2.000000 0

2.160000 1.000000 8.24194e-08
2.160000 2.000000 0

2.280000 1.000000 2.1991e-07
2.280000 2.000000 0

2.400000 1.000000 0.717176
2.400000 2.000000 0

2.520000 1.000000 1
2.520000 2.000000 0

2.640000 1.000000 1
2.640000 2.000000 0

2.760000 1.000000 1
2.760000 2.000000 0

2.880000 1.000000 1
2.880000 2.000000 0

3.000000 1.000000 1
3.000000 2.000000 0

3.120000 1.000000 1
3.120000 2.000000 0

3.240000 1.000000 1
3.240000 2.000000 0

3.360000 1.000000 1
3.360000 2.000000 0

3.480000 1.000000 0.999999
3.480000 2.000000 0

3.600000 1.000000 0.999999
3.600000 2.000000 0

3.720000 1.000000 0.999997
3.720000 2.000000 0

3.840000 1.000000 0.99982
3.840000 2.000000 0

3.960000 1.000000 0.540806
3.960000 2.000000 0

4.080000 1.000000 0.580736
4.080000 2.000000 0

4.200000 1.000000 0.504395
4.200000 2.000000 0

4.320000 1.000000 0.464272
4.320000 2.000000 0

4.440000 1.000000 0.418639
4.440000 2.000000 0

4.560000 1.000000 0.378808
4.560000 2.000000 0

4.680000 1.000000 0.341561
4.680000 2.000000 0

4.800000 1.000000 0.307607
4.800000 2.000000 0

4.920000 1.000000 0.276557
4.920000 2.000000 0

5.040000 1.000000 0.248302
5.040000 2.000000 0

5.160000 1.000000 0.222646
5.160000 2.000000 0

5.280000 1.000000 0.199412
5.280000 2.000000 0

5.400000 1.000000 0.178416
5.400000 2.000000 0

5.520000 1.000000 0.159482
5.520000 2.000000 0

5.640000 1.000000 0.142437
5.640000 2.000000 0

5.760000 1.000000 0.127117
5.760000 2.000000 0

5.880000 1.000000 0.113369
5.880000 2.000000 0

6.000000 1.000000 0.101047
6.000000 2.000000 0

6.120000 1.000000 0.0900151
6.120000 2.000000 0

6.240000 1.000000 0.0801491
6.240000 2.000000 0

6.360000 1.000000 0.071334
6.360000 2.000000 0

6.480000 1.000000 0.0634641
6.480000 2.000000 0

6.600000 1.000000 0.0564433
6.600000 2.000000 0

6.720000 1.000000 0.0501842
6.720000 2.000000 0

6.840000 1.000000 0.0446073
6.840000 2.000000 0

6.960000 1.000000 0.0396409
6.960000 2.000000 0

7.080000 1.000000 0.0352202
7.080000 2.000000 0

7.200000 1.000000 0.0312869
7.200000 2.000000 0

7.320000 1.000000 0.0277886
7.320000 2.000000 0

7.440000 1.000000 0.0246782
7.440000 2.000000 0

7.560000 1.000000 0.0219137
7.560000 2.000000 0

7.680000 1.000000 0.0194571
7.680000 2.000000 0

7.800000 1.000000 0.0172748
7.800000 2.000000 0

7.920000 1.000000 0.0153365
7.920000 2.000000 0

8.040000 1.000000 0.0136159
8.040000 2.000000 0

8.160000 1.000000 0.0120877
8.160000 2.000000 0

8.280000 1.000000 0.0107313
8.280000 2.000000 0

8.400000 1.000000 0.00952973
8.400000 2.000000 0

8.520000 1.000000 0.00845914
8.520000 2.000000 0

8.640000 1.000000 0.00751389
8.640000 2.000000 0

8.760000 1.000000 0.0066836
8.760000 2.000000 0

8.880000 1.000000 0.00592602
8.880000 2.000000 0

9.000000 1.000000 0.00522222
9.000000 2.000000 0

9.120000 1.000000 0.00477723
9.120000 2.000000 0

9.240000 1.000000 0.00415578
9.240000 2.000000 0

9.360000 1.000000 0.00366608
9.360000 2.000000 0

9.480000 1.000000 0.00339948
9.480000 2.000000 0

9.600000 1.000000 0.00294793
9.600000 2.000000 0

9.720000 1.000000 0.00264716
9.720000 2.000000 0

9.840000 1.000000 0.00231103
9.840000 2.000000 0

9.960000 1.000000 0.00200506
9.960000 2.000000 0

10.080000 1.000000 0.00174688
10.080000 2.000000 0

10.200000 1.000000 0.00153203
10.200000 2.000000 0

10.320000 1.000000 0.00135852
10.320000 2.000000 0

10.440000 1.000000 0.00122083
10.440000 2.000000 0

10.560000 1.000000 0.00111328
10.560000 2.000000 0

10.680000 1.000000 0.00103119
10.680000 2.000000 0

10.800000 1.000000 0.000971059
10.800000 2.000000 0

10.920000 1.000000 0.000930707
10.920000 2.000000 0

11.040000 1.000000 0.000909332
11.040000 2.000000 0

11.160000 1.000000 0.00090786
11.160000 2.000000 0

11.280000 1.000000 0.000929785
11.280000 2.000000 0

11.400000 1.000000 0.000983246
11.400000 2.000000 0

11.520000 1.000000 0.0010867
11.520000 2.000000 0

11.640000 1.000000 0.00128777
11.640000 2.000000 0

11.760000 1.000000 0.00175458
11.760000 2.000000 0

11.880000 1.000000 0.00409883
11.880000 2.000000 0

12.000000 1.000000 0.00409883
12.000000 2.000000 0

12.000000 1.000000 0.00409883
12.000000 2.000000 0

