0.000000 -3.02241 -2.03061 
0.022500 -3.0049 -2.04957 
0.045000 -2.9873 -2.06855 
0.067500 -2.96963 -2.08753 
0.090000 -2.95189 -2.10653 
0.112500 -2.93407 -2.12554 
0.135000 -2.91618 -2.14456 
0.157500 -2.89822 -2.16359 
0.180000 -2.8802 -2.18263 
0.202500 -2.86211 -2.20167 
0.225000 -2.84395 -2.22072 
0.247500 -2.82573 -2.23978 
0.270000 -2.80745 -2.25884 
0.292500 -2.78912 -2.2779 
0.315000 -2.77072 -2.29697 
0.337500 -2.75226 -2.31604 
0.360000 -2.61402 -2.24957 
0.382500 -2.59621 -2.26783 
0.405000 -2.57833 -2.28613 
0.427500 -2.5604 -2.30442 
0.450000 -2.54243 -2.32271 
0.472500 -2.5244 -2.34099 
0.495000 -2.50634 -2.35927 
0.517500 -2.48823 -2.37755 
0.540000 -2.47008 -2.39582 
0.562500 -2.45189 -2.41408 
0.585000 -2.43366 -2.43233 
0.607500 -2.4154 -2.45057 
0.630000 -2.3971 -2.4688 
0.652500 -2.37876 -2.48703 
0.675000 -2.3604 -2.50523 
0.697500 -2.342 -2.52343 
0.720000 -2.32357 -2.54161 
0.742500 -2.19174 -2.46452 
0.765000 -2.17401 -2.4819 
0.787500 -2.15626 -2.49925 
0.810000 -2.13849 -2.51657 
0.832500 -2.1207 -2.53387 
0.855000 -2.10289 -2.55116 
0.877500 -2.08506 -2.56842 
0.900000 -2.06721 -2.58566 
0.922500 -2.04935 -2.60288 
0.945000 -2.03147 -2.62007 
0.967500 -2.01357 -2.63723 
0.990000 -1.99565 -2.65437 
1.012500 -1.97773 -2.67148 
1.035000 -1.95979 -2.68857 
1.057500 -1.94184 -2.70562 
1.080000 -1.92389 -2.72264 
1.102500 -1.90592 -2.73963 
1.125000 -1.78167 -2.65279 
1.147500 -1.76448 -2.66892 
1.170000 -1.74728 -2.68501 
1.192500 -1.73008 -2.70107 
1.215000 -1.71288 -2.71709 
1.237500 -1.69567 -2.73308 
1.260000 -1.67847 -2.74902 
1.282500 -1.66126 -2.76492 
1.305000 -1.64406 -2.78078 
1.327500 -1.62686 -2.7966 
1.350000 -1.60966 -2.81238 
1.372500 -1.59247 -2.8281 
1.395000 -1.57528 -2.84379 
1.417500 -1.5581 -2.85942 
1.440000 -1.54093 -2.875 
1.462500 -1.52376 -2.89054 
1.485000 -1.40763 -2.7954 
1.507500 -1.3913 -2.81002 
1.530000 -1.37496 -2.82462 
1.552500 -1.35862 -2.83917 
1.575000 -1.3423 -2.85366 
1.597500 -1.32599 -2.86809 
1.620000 -1.3097 -2.88247 
1.642500 -1.29342 -2.89679 
1.665000 -1.27716 -2.91105 
1.687500 -1.26091 -2.92525 
1.710000 -1.24468 -2.93939 
1.732500 -1.22846 -2.95346 
1.755000 -1.21227 -2.96747 
1.777500 -1.19609 -2.98141 
1.800000 -1.17994 -2.99529 
1.822500 -1.16381 -3.00909 
1.845000 -1.14769 -3.02283 
1.867500 -1.0418 -2.91906 
1.890000 -1.0265 -2.93192 
1.912500 -1.01124 -2.94469 
1.935000 -0.996002 -2.9574 
1.957500 -0.980789 -2.97002 
1.980000 -0.965601 -2.98257 
2.002500 -0.950438 -2.99505 
2.025000 -0.935302 -3.00745 
2.047500 -0.920192 -3.01977 
2.070000 -0.90511 -3.032 
2.092500 -0.890055 -3.04416 
2.115000 -0.87503 -3.05623 
2.137500 -0.860033 -3.06822 
2.160000 -0.845066 -3.08012 
2.182500 -0.830128 -3.09194 
2.205000 -0.815222 -3.10367 
2.227500 -0.800346 -3.11531 
2.250000 -0.70575 -3.00373 
2.272500 -0.691702 -3.01448 
2.295000 -0.677685 -3.02515 
2.317500 -0.663702 -3.03572 
2.340000 -0.649751 -3.0462 
2.362500 -0.635834 -3.05659 
2.385000 -0.62195 -3.06688 
2.407500 -0.608101 -3.07707 
2.430000 -0.594286 -3.08717 
2.452500 -0.580507 -3.09716 
2.475000 -0.566763 -3.10706 
2.497500 -0.553054 -3.11686 
2.520000 -0.539383 -3.12655 
2.542500 -0.525747 -3.13613 
2.565000 -0.512149 -3.14562 
2.587500 -0.498589 -3.15499 
2.610000 -0.415696 -3.03694 
2.632500 -0.402975 -3.04543 
2.655000 -0.390261 -3.05384 
2.677500 -0.377585 -3.06214 
2.700000 -0.364948 -3.07034 
2.722500 -0.352348 -3.07842 
2.745000 -0.339788 -3.08639 
2.767500 -0.327267 -3.09425 
2.790000 -0.314785 -3.102 
2.812500 -0.302343 -3.10963 
2.835000 -0.289941 -3.11714 
2.857500 -0.277579 -3.12454 
2.880000 -0.265258 -3.13181 
2.902500 -0.252978 -3.13897 
2.925000 -0.240739 -3.146 
2.947500 -0.228541 -3.15292 
2.970000 -0.216385 -3.1597 
2.992500 -0.147202 -3.03494 
3.015000 -0.135806 -3.04094 
3.037500 -0.124468 -3.0468 
3.060000 -0.113171 -3.05254 
3.082500 -0.101915 -3.05815 
3.105000 -0.0907014 -3.06364 
3.127500 -0.0795295 -3.069 
3.150000 -0.0683999 -3.07423 
3.172500 -0.0573125 -3.07934 
3.195000 -0.0462678 -3.08431 
3.217500 -0.0352657 -3.08915 
3.240000 -0.0243065 -3.09386 
3.262500 -0.0133904 -3.09844 
3.285000 -0.00251754 -3.10288 
3.307500 0.00831192 -3.10718 
3.330000 0.0190978 -3.11135 
3.352500 0.02984 -3.11538 
3.375000 0.0842265 -2.98484 
3.397500 0.0942385 -2.98815 
3.420000 0.104208 -2.99132 
3.442500 0.114134 -2.99436 
3.465000 0.124018 -2.99726 
3.487500 0.133858 -3.00002 
3.510000 0.143655 -3.00264 
3.532500 0.153409 -3.00513 
3.555000 0.16312 -3.00747 
3.577500 0.172787 -3.00967 
3.600000 0.18241 -3.01173 
3.622500 0.19199 -3.01364 
3.645000 0.201525 -3.01541 
3.667500 0.211017 -3.01703 
3.690000 0.220465 -3.01851 
3.712500 0.229869 -3.01984 
3.735000 0.269004 -2.88479 
3.757500 0.277708 -2.8855 
3.780000 0.286395 -2.88608 
3.802500 0.295039 -2.88651 
3.825000 0.30364 -2.8868 
3.847500 0.312198 -2.88694 
3.870000 0.320713 -2.88693 
3.892500 0.329185 -2.88678 
3.915000 0.337614 -2.88649 
3.937500 0.346 -2.88604 
3.960000 0.354343 -2.88544 
3.982500 0.362642 -2.8847 
4.005000 0.370899 -2.88381 
4.027500 0.379112 -2.88276 
4.050000 0.387281 -2.88156 
4.072500 0.395408 -2.88022 
4.095000 0.40349 -2.87872 
4.117500 0.42559 -2.73953 
4.140000 0.433077 -2.73757 
4.162500 0.440509 -2.73546 
4.185000 0.4479 -2.73321 
4.207500 0.45525 -2.73081 
4.230000 0.462557 -2.72826 
4.252500 0.469823 -2.72556 
4.275000 0.477047 -2.72271 
4.297500 0.484229 -2.71971 
4.320000 0.491369 -2.71656 
4.342500 0.498467 -2.71326 
4.365000 0.505524 -2.70981 
4.387500 0.512539 -2.70621 
4.410000 0.519512 -2.70246 
4.432500 0.526443 -2.69856 
4.455000 0.533332 -2.6945 
4.477500 0.540179 -2.69029 
4.500000 0.544068 -2.54821 
4.522500 0.550381 -2.54373 
4.545000 0.556654 -2.53912 
4.567500 0.562887 -2.53435 
4.590000 0.56908 -2.52945 
4.612500 0.575234 -2.52439 
4.635000 0.581347 -2.51919 
4.657500 0.587421 -2.51385 
4.680000 0.593454 -2.50836 
4.702500 0.599448 -2.50272 
4.725000 0.605402 -2.49694 
4.747500 0.611317 -2.49101 
4.770000 0.617191 -2.48494 
4.792500 0.623026 -2.47872 
4.815000 0.628821 -2.47235 
4.837500 0.634576 -2.46584 
4.860000 0.619751 -2.32211 
4.882500 0.625032 -2.31558 
4.905000 0.630292 -2.30889 
4.927500 0.635514 -2.30207 
4.950000 0.640699 -2.29512 
4.972500 0.645846 -2.28802 
4.995000 0.650955 -2.28079 
5.017500 0.656027 -2.27342 
5.040000 0.661062 -2.26592 
5.062500 0.666059 -2.25828 
5.085000 0.671019 -2.2505 
5.107500 0.675941 -2.24259 
5.130000 0.680826 -2.23454 
5.152500 0.685674 -2.22636 
5.175000 0.690484 -2.21805 
5.197500 0.695257 -2.2096 
5.220000 0.699993 -2.20102 
5.242500 0.665099 -2.05725 
5.265000 0.669465 -2.0489 
5.287500 0.673788 -2.04044 
5.310000 0.678077 -2.03186 
5.332500 0.682332 -2.02315 
5.355000 0.686551 -2.01432 
5.377500 0.690736 -2.00537 
5.400000 0.694885 -1.9963 
5.422500 0.699 -1.98711 
5.445000 0.703081 -1.9778 
5.467500 0.707126 -1.96836 
5.490000 0.711137 -1.95881 
5.512500 0.715114 -1.94914 
5.535000 0.719055 -1.93936 
5.557500 0.722963 -1.92945 
5.580000 0.726835 -1.91943 
5.602500 0.730673 -1.9093 
5.625000 0.674623 -1.76721 
5.647500 0.678165 -1.75765 
5.670000 0.681676 -1.74798 
5.692500 0.685155 -1.73821 
5.715000 0.688602 -1.72833 
5.737500 0.692017 -1.71835 
5.760000 0.6954 -1.70827 
5.782500 0.698751 -1.69808 
5.805000 0.70207 -1.6878 
5.827500 0.705358 -1.67741 
5.850000 0.708614 -1.66693 
5.872500 0.711838 -1.65635 
5.895000 0.71503 -1.64567 
5.917500 0.718191 -1.6349 
5.940000 0.72132 -1.62403 
5.962500 0.724417 -1.61306 
5.985000 0.646938 -1.47387 
6.007500 0.649809 -1.46388 
6.030000 0.652658 -1.45375 
6.052500 0.655478 -1.44355 
6.075000 0.658269 -1.43326 
6.097500 0.661031 -1.42289 
6.120000 0.663765 -1.41244 
6.142500 0.666469 -1.40191 
6.165000 0.669145 -1.3913 
6.187500 0.671792 -1.38062 
6.210000 0.674411 -1.36985 
6.232500 0.677001 -1.35902 
6.255000 0.679562 -1.3481 
6.277500 0.682094 -1.33712 
6.300000 0.684598 -1.32606 
6.322500 0.687073 -1.31493 
6.345000 0.689519 -1.30373 
6.367500 0.590125 -1.17081 
6.390000 0.592427 -1.16089 
6.412500 0.5947 -1.15095 
6.435000 0.596948 -1.14095 
6.457500 0.599171 -1.13088 
6.480000 0.601368 -1.12076 
6.502500 0.60354 -1.11058 
6.525000 0.605686 -1.10035 
6.547500 0.607807 -1.09006 
6.570000 0.609903 -1.07971 
6.592500 0.611973 -1.06931 
6.615000 0.614017 -1.05886 
6.637500 0.616036 -1.04836 
6.660000 0.61803 -1.03782 
6.682500 0.619998 -1.02722 
6.705000 0.621941 -1.01657 
6.727500 0.623859 -1.00588 
6.750000 0.502143 -0.881466 
6.772500 0.503976 -0.872503 
6.795000 0.505787 -0.863499 
6.817500 0.507577 -0.854457 
6.840000 0.509346 -0.845377 
6.862500 0.511092 -0.836261 
6.885000 0.512817 -0.827108 
6.907500 0.51452 -0.817921 
6.930000 0.516202 -0.8087 
6.952500 0.517861 -0.799447 
6.975000 0.519499 -0.790161 
6.997500 0.521116 -0.780846 
7.020000 0.52271 -0.771501 
7.042500 0.524283 -0.762127 
7.065000 0.525833 -0.752726 
7.087500 0.527362 -0.743299 
7.110000 0.384044 -0.628337 
7.132500 0.385535 -0.621127 
7.155000 0.387009 -0.613803 
7.177500 0.388466 -0.606457 
7.200000 0.389905 -0.599089 
7.222500 0.391327 -0.5917 
7.245000 0.392732 -0.584292 
7.267500 0.394119 -0.576865 
7.290000 0.395489 -0.569419 
7.312500 0.396841 -0.561957 
7.335000 0.398176 -0.554478 
7.357500 0.399494 -0.546983 
7.380000 0.400794 -0.539474 
7.402500 0.402077 -0.531952 
7.425000 0.403342 -0.524416 
7.447500 0.404589 -0.516869 
7.470000 0.405819 -0.50931 
7.492500 0.242096 -0.409194 
7.515000 0.243971 -0.404619 
7.537500 0.245916 -0.400165 
7.560000 0.247852 -0.395704 
7.582500 0.249778 -0.391237 
7.605000 0.251693 -0.386762 
7.627500 0.253599 -0.382282 
7.650000 0.255493 -0.377796 
7.672500 0.257378 -0.373304 
7.695000 0.259252 -0.368807 
7.717500 0.261115 -0.364304 
7.740000 0.262967 -0.359797 
7.762500 0.264809 -0.355285 
7.785000 0.266639 -0.350769 
7.807500 0.268459 -0.346248 
7.830000 0.270267 -0.341724 
7.852500 0.272064 -0.337196 
7.875000 0.109577 -0.249794 
7.897500 0.110867 -0.24758 
7.920000 0.112152 -0.245359 
7.942500 0.113433 -0.243131 
7.965000 0.11471 -0.240898 
7.987500 0.115982 -0.238659 
8.010000 0.117249 -0.236414 
8.032500 0.118512 -0.234164 
8.055000 0.11977 -0.231908 
8.077500 0.121024 -0.229647 
8.100000 0.122272 -0.22738 
8.122500 0.123516 -0.225109 
8.145000 0.124755 -0.222833 
8.167500 0.125989 -0.220552 
8.190000 0.127217 -0.218266 
8.212500 0.128441 -0.215976 
8.235000 -0.0302094 -0.138685 
8.257500 -0.0295249 -0.138688 
8.280000 -0.0288171 -0.138592 
8.302500 -0.0281074 -0.138488 
8.325000 -0.0273957 -0.138378 
8.347500 -0.0266822 -0.13826 
8.370000 -0.0259668 -0.138134 
8.392500 -0.0252496 -0.138002 
8.415000 -0.0245305 -0.137862 
8.437500 -0.0238096 -0.137716 
8.460000 -0.0230868 -0.137562 
8.482500 -0.0223623 -0.137401 
8.505000 -0.0216361 -0.137233 
8.527500 -0.0209081 -0.137058 
8.550000 -0.0201783 -0.136876 
8.572500 -0.0194468 -0.136688 
8.595000 -0.0187137 -0.136492 
8.617500 -0.172233 -0.0719107 
8.640000 -0.171996 -0.0737185 
8.662500 -0.171763 -0.0755656 
8.685000 -0.171522 -0.077403 
8.707500 -0.171271 -0.0792306 
8.730000 -0.171012 -0.0810483 
8.752500 -0.170743 -0.082856 
8.775000 -0.170466 -0.0846539 
8.797500 -0.170179 -0.0864417 
8.820000 -0.169884 -0.0882196 
8.842500 -0.169579 -0.0899874 
8.865000 -0.169266 -0.0917451 
8.887500 -0.168943 -0.0934926 
8.910000 -0.168611 -0.0952301 
8.932500 -0.16827 -0.0969573 
8.955000 -0.16792 -0.0986743 
8.977500 -0.167561 -0.100381 
9.000000 -0.313659 -0.0473649 
9.022500 -0.31379 -0.0509447 
9.045000 -0.313905 -0.0545116 
9.067500 -0.314003 -0.0580655 
9.090000 -0.314085 -0.0616064 
9.112500 -0.31415 -0.065134 
9.135000 -0.314199 -0.0686484 
9.157500 -0.314231 -0.0721495 
9.180000 -0.314246 -0.0756371 
9.202500 -0.314245 -0.0791112 
9.225000 -0.314226 -0.0825717 
9.247500 -0.314191 -0.0860185 
9.270000 -0.314138 -0.0894516 
9.292500 -0.314068 -0.0928708 
9.315000 -0.313981 -0.0962762 
9.337500 -0.313877 -0.0996675 
9.360000 -0.450455 -0.0560364 
9.382500 -0.450836 -0.0611762 
9.405000 -0.451172 -0.066229 
9.427500 -0.451483 -0.0712655 
9.450000 -0.45177 -0.0762854 
9.472500 -0.452032 -0.0812888 
9.495000 -0.45227 -0.0862755 
9.517500 -0.452483 -0.0912455 
9.540000 -0.452671 -0.0961984 
9.562500 -0.452834 -0.101134 
9.585000 -0.452972 -0.106053 
9.607500 -0.453085 -0.110955 
9.630000 -0.453173 -0.115839 
9.652500 -0.453235 -0.120706 
9.675000 -0.453271 -0.125555 
9.697500 -0.453282 -0.130387 
9.720000 -0.453267 -0.135201 
9.742500 -0.579446 -0.102115 
9.765000 -0.579837 -0.108363 
9.787500 -0.580207 -0.114628 
9.810000 -0.580545 -0.120873 
9.832500 -0.58085 -0.127099 
9.855000 -0.581122 -0.133304 
9.877500 -0.581361 -0.139489 
9.900000 -0.581567 -0.145654 
9.922500 -0.581739 -0.151799 
9.945000 -0.581878 -0.157924 
9.967500 -0.581984 -0.164028 
9.990000 -0.582055 -0.170111 
10.012500 -0.582093 -0.176174 
10.035000 -0.582097 -0.182215 
10.057500 -0.582066 -0.188236 
10.080000 -0.582002 -0.194236 
10.102500 -0.581902 -0.200214 
10.125000 -0.695898 -0.175888 
10.147500 -0.696161 -0.183124 
10.170000 -0.696384 -0.190338 
10.192500 -0.696566 -0.197528 
10.215000 -0.696707 -0.204696 
10.237500 -0.696807 -0.211842 
10.260000 -0.696865 -0.218964 
10.282500 -0.696881 -0.226063 
10.305000 -0.696856 -0.233139 
10.327500 -0.696789 -0.240192 
10.350000 -0.69668 -0.247221 
10.372500 -0.696529 -0.254227 
10.395000 -0.696336 -0.261209 
10.417500 -0.696099 -0.268167 
10.440000 -0.695821 -0.275102 
10.462500 -0.695499 -0.282012 
10.485000 -0.796137 -0.264036 
10.507500 -0.796138 -0.272044 
10.530000 -0.796074 -0.279982 
10.552500 -0.795962 -0.287895 
10.575000 -0.7958 -0.295784 
10.597500 -0.79559 -0.303647 
10.620000 -0.79533 -0.311484 
10.642500 -0.795021 -0.319297 
10.665000 -0.794662 -0.327084 
10.687500 -0.794253 -0.334845 
10.710000 -0.793795 -0.342581 
10.732500 -0.793286 -0.350291 
10.755000 -0.792728 -0.357976 
10.777500 -0.792119 -0.365634 
10.800000 -0.791459 -0.373266 
10.822500 -0.790749 -0.380872 
10.845000 -0.789988 -0.388452 
10.867500 -0.877143 -0.376604 
10.890000 -0.876615 -0.385021 
10.912500 -0.876039 -0.393432 
10.935000 -0.875408 -0.401817 
10.957500 -0.87472 -0.410175 
10.980000 -0.873976 -0.418506 
11.002500 -0.873176 -0.42681 
11.025000 -0.872319 -0.435086 
11.047500 -0.871405 -0.443336 
11.070000 -0.870434 -0.451558 
11.092500 -0.869406 -0.459752 
11.115000 -0.868321 -0.46792 
11.137500 -0.867179 -0.476059 
11.160000 -0.865979 -0.484171 
11.182500 -0.864722 -0.492255 
11.205000 -0.863407 -0.500311 
11.227500 -0.862035 -0.508339 
11.250000 -0.934891 -0.500512 
11.272500 -0.933698 -0.509216 
11.295000 -0.932443 -0.517891 
11.317500 -0.931126 -0.526539 
11.340000 -0.929747 -0.535158 
11.362500 -0.928305 -0.543749 
11.385000 -0.926801 -0.552312 
11.407500 -0.925234 -0.560846 
11.430000 -0.923604 -0.569351 
11.452500 -0.921912 -0.577828 
11.475000 -0.920157 -0.586276 
11.497500 -0.918339 -0.594696 
11.520000 -0.916458 -0.603086 
11.542500 -0.914513 -0.611448 
11.565000 -0.912506 -0.61978 
11.587500 -0.910435 -0.628084 
11.610000 -0.968961 -0.622021 
11.632500 -0.96703 -0.63086 
11.655000 -0.965021 -0.639645 
11.677500 -0.962946 -0.648402 
11.700000 -0.960804 -0.65713 
11.722500 -0.958596 -0.665828 
11.745000 -0.95632 -0.674498 
11.767500 -0.953978 -0.683138 
11.790000 -0.951569 -0.691749 
11.812500 -0.949092 -0.70033 
11.835000 -0.946549 -0.708882 
11.857500 -0.943939 -0.717404 
11.880000 -0.941262 -0.725896 
11.902500 -0.938518 -0.734359 
11.925000 -0.935707 -0.742792 
11.947500 -0.932829 -0.751195 
11.970000 -0.929884 -0.759568 
11.992500 -0.974707 -0.754259 
12.015000 -0.971842 -0.762987 
12.037500 -0.968912 -0.771696 
12.060000 -0.965914 -0.780375 
12.082500 -0.962846 -0.789025 
12.105000 -0.959708 -0.797645 
12.127500 -0.956501 -0.806234 
12.150000 -0.953226 -0.814794 
12.172500 -0.94988 -0.823324 
12.195000 -0.946466 -0.831824 
12.217500 -0.942983 -0.840294 
12.240000 -0.939431 -0.848734 
12.262500 -0.935809 -0.857143 
12.285000 -0.932119 -0.865522 
12.307500 -0.928361 -0.87387 
12.330000 -0.924533 -0.882188 
12.352500 -0.920637 -0.890476 
12.375000 -0.951906 -0.883985 
12.397500 -0.948066 -0.892506 
12.420000 -0.944156 -0.900996 
12.442500 -0.940177 -0.909457 
12.465000 -0.936127 -0.917887 
12.487500 -0.932008 -0.926287 
12.510000 -0.92782 -0.934656 
12.532500 -0.923562 -0.942996 
12.555000 -0.919235 -0.951304 
12.577500 -0.914839 -0.959583 
12.600000 -0.910374 -0.96783 
12.622500 -0.90584 -0.976048 
12.645000 -0.901238 -0.984234 
12.667500 -0.896568 -0.99239 
12.690000 -0.891829 -1.00051 
12.712500 -0.887023 -1.00861 
12.735000 -0.905552 -0.999265 
12.757500 -0.900796 -1.00748 
12.780000 -0.895965 -1.01566 
12.802500 -0.891065 -1.02381 
12.825000 -0.886098 -1.03193 
12.847500 -0.881063 -1.04002 
12.870000 -0.87596 -1.04808 
12.892500 -0.870791 -1.0561 
12.915000 -0.865554 -1.0641 
12.937500 -0.86025 -1.07207 
12.960000 -0.85488 -1.08 
12.982500 -0.849444 -1.08791 
13.005000 -0.843942 -1.09578 
13.027500 -0.838374 -1.10362 
13.050000 -0.832741 -1.11143 
13.072500 -0.827043 -1.11921 
13.095000 -0.82128 -1.12696 
13.117500 -0.828224 -1.11363 
13.140000 -0.820306 -1.11989 
13.162500 -0.81208 -1.12589 
13.185000 -0.803816 -1.13183 
13.207500 -0.795517 -1.1377 
13.230000 -0.787182 -1.1435 
13.252500 -0.778812 -1.14923 
13.275000 -0.770406 -1.15489 
13.297500 -0.761966 -1.16048 
13.320000 -0.753493 -1.166 
13.342500 -0.744985 -1.17145 
13.365000 -0.736444 -1.17683 
13.387500 -0.72787 -1.18213 
13.410000 -0.719264 -1.18736 
13.432500 -0.710626 -1.19252 
13.455000 -0.701957 -1.1976 
13.477500 -0.693256 -1.20262 
13.500000 -0.69936 -1.18782 
13.522500 -0.690725 -1.19281 
13.545000 -0.68206 -1.19773 
13.567500 -0.673364 -1.20257 
13.590000 -0.664639 -1.20734 
13.612500 -0.655884 -1.21204 
13.635000 -0.6471 -1.21666 
13.657500 -0.638288 -1.2212 
13.680000 -0.629447 -1.22567 
13.702500 -0.620579 -1.23007 
13.725000 -0.611683 -1.23439 
13.747500 -0.602761 -1.23863 
13.770000 -0.593812 -1.2428 
13.792500 -0.584837 -1.24689 
13.815000 -0.575837 -1.2509 
13.837500 -0.566811 -1.25484 
13.860000 -0.575023 -1.24073 
13.882500 -0.566069 -1.24466 
13.905000 -0.557085 -1.24851 
13.927500 -0.548077 -1.25229 
13.950000 -0.539045 -1.25599 
13.972500 -0.529989 -1.25961 
13.995000 -0.520911 -1.26315 
14.017500 -0.51181 -1.26661 
14.040000 -0.502686 -1.27 
14.062500 -0.493541 -1.27331 
14.085000 -0.484375 -1.27654 
14.107500 -0.475188 -1.27968 
14.130000 -0.465981 -1.28276 
14.152500 -0.456753 -1.28575 
14.175000 -0.447506 -1.28866 
14.197500 -0.43824 -1.29149 
14.220000 -0.428956 -1.29424 
14.242500 -0.439224 -1.28116 
14.265000 -0.430002 -1.28392 
14.287500 -0.420764 -1.2866 
14.310000 -0.411508 -1.2892 
14.332500 -0.402235 -1.29172 
14.355000 -0.392945 -1.29416 
14.377500 -0.383638 -1.29652 
14.400000 -0.374315 -1.2988 
14.422500 -0.364977 -1.301 
14.445000 -0.355623 -1.30312 
14.467500 -0.346254 -1.30516 
14.490000 -0.336871 -1.30712 
14.512500 -0.327475 -1.30899 
14.535000 -0.318065 -1.31079 
14.557500 -0.308641 -1.3125 
14.580000 -0.299206 -1.31414 
14.602500 -0.289758 -1.31569 
14.625000 -0.302691 -1.30564 
14.647500 -0.294196 -1.30922 
14.670000 -0.285661 -1.31275 
14.692500 -0.277085 -1.31624 
14.715000 -0.268469 -1.31968 
14.737500 -0.259814 -1.32308 
14.760000 -0.25112 -1.32644 
14.782500 -0.242388 -1.32975 
14.805000 -0.233619 -1.33302 
14.827500 -0.224812 -1.33624 
14.850000 -0.215969 -1.33942 
14.872500 -0.20709 -1.34255 
14.895000 -0.198175 -1.34564 
14.917500 -0.189226 -1.34869 
14.940000 -0.180242 -1.35169 
14.962500 -0.171224 -1.35464 
14.985000 -0.172465 -1.34012 
15.007500 -0.163534 -1.34306 
15.030000 -0.154565 -1.34594 
15.052500 -0.145565 -1.34878 
15.075000 -0.136533 -1.35158 
15.097500 -0.127471 -1.35433 
15.120000 -0.118378 -1.35704 
15.142500 -0.109256 -1.35971 
15.165000 -0.100106 -1.36233 
15.187500 -0.0909269 -1.36491 
15.210000 -0.0817203 -1.36745 
15.232500 -0.0724867 -1.36995 
15.255000 -0.0632266 -1.3724 
15.277500 -0.0539407 -1.3748 
15.300000 -0.0446295 -1.37717 
15.322500 -0.0352938 -1.37949 
15.345000 -0.025934 -1.38176 
15.367500 -0.0168072 -1.36141 
15.390000 -0.00752097 -1.36175 
15.412500 0.00176083 -1.36177 
15.435000 0.0110362 -1.36172 
15.457500 0.0203046 -1.36159 
15.480000 0.0295657 -1.36139 
15.502500 0.0388189 -1.36111 
15.525000 0.0480637 -1.36075 
15.547500 0.0572998 -1.36032 
15.570000 0.0665266 -1.35981 
15.592500 0.0757438 -1.35922 
15.615000 0.0849507 -1.35856 
15.637500 0.094147 -1.35781 
15.660000 0.103332 -1.357 
15.682500 0.112506 -1.3561 
15.705000 0.121668 -1.35513 
15.727500 0.130817 -1.35408 
15.750000 0.137418 -1.33024 
15.772500 0.146388 -1.32906 
15.795000 0.155344 -1.3278 
15.817500 0.164286 -1.32647 
15.840000 0.173214 -1.32506 
15.862500 0.182127 -1.32358 
15.885000 0.191024 -1.32202 
15.907500 0.199906 -1.32039 
15.930000 0.208771 -1.31868 
15.952500 0.21762 -1.3169 
15.975000 0.226452 -1.31504 
15.997500 0.235266 -1.31311 
16.020000 0.244062 -1.3111 
16.042500 0.252839 -1.30902 
16.065000 0.261598 -1.30686 
16.087500 0.270338 -1.30462 
16.110000 0.273771 -1.28003 
16.132500 0.282316 -1.27769 
16.155000 0.290848 -1.27528 
16.177500 0.299358 -1.2728 
16.200000 0.307848 -1.27024 
16.222500 0.316316 -1.26762 
16.245000 0.324762 -1.26492 
16.267500 0.333186 -1.26214 
16.290000 0.341587 -1.2593 
16.312500 0.349965 -1.25638 
16.335000 0.35832 -1.25339 
16.357500 0.366651 -1.25033 
16.380000 0.374958 -1.24719 
16.402500 0.38324 -1.24399 
16.425000 0.391497 -1.24071 
16.447500 0.399728 -1.23737 
16.470000 0.407934 -1.23395 
16.492500 0.407959 -1.20896 
16.515000 0.415974 -1.20547 
16.537500 0.423958 -1.20191 
16.560000 0.431915 -1.19828 
16.582500 0.439845 -1.19459 
16.605000 0.447748 -1.19082 
16.627500 0.455622 -1.18698 
16.650000 0.463468 -1.18308 
16.672500 0.471285 -1.17911 
16.695000 0.479073 -1.17507 
16.717500 0.486831 -1.17097 
16.740000 0.494559 -1.16679 
16.762500 0.502257 -1.16255 
16.785000 0.509925 -1.15825 
16.807500 0.517561 -1.15387 
16.830000 0.525166 -1.14943 
16.852500 0.532739 -1.14493 
16.875000 0.529357 -1.11998 
16.897500 0.536733 -1.11544 
16.920000 0.544075 -1.11083 
16.942500 0.551386 -1.10616 
16.965000 0.558663 -1.10143 
16.987500 0.565907 -1.09663 
17.010000 0.573117 -1.09177 
17.032500 0.580294 -1.08684 
17.055000 0.587436 -1.08186 
17.077500 0.594543 -1.07681 
17.100000 0.601616 -1.0717 
17.122500 0.608653 -1.06653 
17.145000 0.615655 -1.0613 
17.167500 0.62262 -1.056 
17.190000 0.629549 -1.05065 
17.212500 0.636442 -1.04524 
17.235000 0.629879 -1.02072 
17.257500 0.636569 -1.01531 
17.280000 0.643226 -1.00983 
17.302500 0.649846 -1.0043 
17.325000 0.656429 -0.998709 
17.347500 0.662974 -0.993061 
17.370000 0.66948 -0.987356 
17.392500 0.675948 -0.981595 
17.415000 0.682378 -0.975778 
17.437500 0.688768 -0.969906 
17.460000 0.695119 -0.963979 
17.482500 0.70143 -0.957996 
17.505000 0.707701 -0.951959 
17.527500 0.713932 -0.945869 
17.550000 0.720123 -0.939724 
17.572500 0.726272 -0.933526 
17.595000 0.73238 -0.927276 
17.617500 0.722577 -0.903688 
17.640000 0.728493 -0.897465 
17.662500 0.734364 -0.891195 
17.685000 0.740195 -0.884874 
17.707500 0.745983 -0.878503 
17.730000 0.751729 -0.872083 
17.752500 0.757433 -0.865613 
17.775000 0.763095 -0.859095 
17.797500 0.768713 -0.852529 
17.820000 0.774289 -0.845914 
17.842500 0.779821 -0.839253 
17.865000 0.785309 -0.832544 
17.887500 0.790753 -0.825789 
17.910000 0.796153 -0.818987 
17.932500 0.801509 -0.81214 
17.955000 0.806819 -0.805248 
17.977500 0.812085 -0.798311 
18.000000 0.79922 -0.776075 
18.022500 0.804296 -0.769204 
18.045000 0.809327 -0.76229 
18.067500 0.814314 -0.755334 
18.090000 0.819255 -0.748336 
18.112500 0.824151 -0.741297 
18.135000 0.829 -0.734217 
18.157500 0.833804 -0.727096 
18.180000 0.838562 -0.719936 
18.202500 0.843273 -0.712736 
18.225000 0.847937 -0.705497 
18.247500 0.852554 -0.698219 
18.270000 0.857124 -0.690904 
18.292500 0.861647 -0.68355 
18.315000 0.866122 -0.67616 
18.337500 0.870549 -0.668733 
18.360000 0.854994 -0.648149 
18.382500 0.859236 -0.640826 
18.405000 0.863434 -0.633463 
18.427500 0.867585 -0.626065 
18.450000 0.871688 -0.618634 
18.472500 0.875742 -0.611169 
18.495000 0.879749 -0.603672 
18.517500 0.883707 -0.596143 
18.540000 0.887616 -0.588583 
18.562500 0.891476 -0.580991 
18.585000 0.895287 -0.573368 
18.607500 0.899049 -0.565716 
18.630000 0.902761 -0.558033 
18.652500 0.906423 -0.550322 
18.675000 0.910036 -0.542582 
18.697500 0.913598 -0.534813 
18.720000 0.91711 -0.527017 
18.742500 0.898999 -0.508623 
18.765000 0.902344 -0.500952 
18.787500 0.905636 -0.493259 
18.810000 0.908879 -0.485541 
18.832500 0.912072 -0.477799 
18.855000 0.915215 -0.470033 
18.877500 0.918307 -0.462243 
18.900000 0.921349 -0.454429 
18.922500 0.92434 -0.446594 
18.945000 0.92728 -0.438736 
18.967500 0.930169 -0.430856 
18.990000 0.933007 -0.422955 
19.012500 0.935793 -0.415034 
19.035000 0.938528 -0.407093 
19.057500 0.941211 -0.399132 
19.080000 0.943843 -0.391152 
19.102500 0.946422 -0.383153 
19.125000 0.926094 -0.367297 
19.147500 0.928518 -0.359456 
19.170000 0.930891 -0.351597 
19.192500 0.933213 -0.343723 
19.215000 0.935483 -0.335833 
19.237500 0.937701 -0.327928 
19.260000 0.939868 -0.320008 
19.282500 0.941983 -0.312074 
19.305000 0.944046 -0.304127 
19.327500 0.946057 -0.296166 
19.350000 0.948016 -0.288192 
19.372500 0.949922 -0.280207 
19.395000 0.951776 -0.27221 
19.417500 0.953577 -0.264202 
19.440000 0.955325 -0.256183 
19.462500 0.957021 -0.248154 
19.485000 0.934946 -0.234976 
19.507500 0.936501 -0.227135 
19.530000 0.938005 -0.219278 
19.552500 0.939458 -0.211413 
19.575000 0.940858 -0.20354 
19.597500 0.942206 -0.19566 
19.620000 0.943502 -0.187774 
19.642500 0.944745 -0.179883 
19.665000 0.945936 -0.171985 
19.687500 0.947075 -0.164083 
19.710000 0.948161 -0.156176 
19.732500 0.949194 -0.148266 
19.755000 0.950174 -0.140352 
19.777500 0.951102 -0.132435 
19.800000 0.951976 -0.124516 
19.822500 0.952798 -0.116594 
19.845000 0.953566 -0.108672 
19.867500 0.930054 -0.0986476 
19.890000 0.930703 -0.0909195 
19.912500 0.931299 -0.0831962 
19.935000 0.931844 -0.0754734 
19.957500 0.932336 -0.0677516 
19.980000 0.932776 -0.0600312 
20.002500 0.933164 -0.0523127 
20.025000 0.9335 -0.0445967 
20.047500 0.933783 -0.0368835 
20.070000 0.934014 -0.0291736 
20.092500 0.934192 -0.0214676 
20.115000 0.934318 -0.0137659 
20.137500 0.934391 -0.00606892 
20.160000 0.934412 0.00162279 
20.182500 0.934381 0.00930879 
20.205000 0.934296 0.0169886 
20.227500 0.934159 0.0246618 
20.250000 0.909658 0.0313417 
20.272500 0.909423 0.038801 
20.295000 0.909136 0.0462524 
20.317500 0.908798 0.0536955 
20.340000 0.908409 0.0611299 
20.362500 0.907968 0.0685551 
20.385000 0.907476 0.0759706 
20.407500 0.906932 0.0833761 
20.430000 0.906336 0.0907711 
20.452500 0.90569 0.0981551 
20.475000 0.904991 0.105528 
20.497500 0.904241 0.112889 
20.520000 0.90344 0.120237 
20.542500 0.902586 0.127573 
20.565000 0.901682 0.134895 
20.587500 0.900726 0.142204 
20.610000 0.875726 0.145603 
20.632500 0.874696 0.152681 
20.655000 0.873614 0.159753 
20.677500 0.872482 0.16681 
20.700000 0.8713 0.173851 
20.722500 0.870068 0.180877 
20.745000 0.868786 0.187887 
20.767500 0.867454 0.19488 
20.790000 0.866072 0.201856 
20.812500 0.86464 0.208815 
20.835000 0.863158 0.215756 
20.857500 0.861626 0.222679 
20.880000 0.860044 0.229583 
20.902500 0.858412 0.236468 
20.925000 0.856731 0.243334 
20.947500 0.854999 0.25018 
20.970000 0.853218 0.257006 
20.992500 0.828153 0.25682 
21.015000 0.826322 0.263423 
21.037500 0.824443 0.270002 
21.060000 0.822516 0.276559 
21.082500 0.820541 0.283094 
21.105000 0.818518 0.289608 
21.127500 0.816446 0.296099 
21.150000 0.814327 0.302568 
21.172500 0.812161 0.309014 
21.195000 0.809946 0.315437 
21.217500 0.807684 0.321835 
21.240000 0.805374 0.32821 
21.262500 0.803016 0.33456 
21.285000 0.800611 0.340886 
21.307500 0.798159 0.347186 
21.330000 0.795659 0.353461 
21.352500 0.793112 0.35971 
21.375000 0.76846 0.355961 
21.397500 0.765891 0.361985 
21.420000 0.763276 0.367982 
21.442500 0.760616 0.373953 
21.465000 0.75791 0.379897 
21.487500 0.755159 0.385814 
21.510000 0.752363 0.391703 
21.532500 0.749521 0.397565 
21.555000 0.746635 0.403399 
21.577500 0.743704 0.409204 
21.600000 0.740728 0.414981 
21.622500 0.737707 0.420729 
21.645000 0.734642 0.426447 
21.667500 0.731532 0.432136 
21.690000 0.728378 0.437795 
21.712500 0.72518 0.443424 
21.735000 0.701357 0.436382 
21.757500 0.698167 0.441784 
21.780000 0.694931 0.447163 
21.802500 0.691652 0.452511 
21.825000 0.688332 0.457828 
21.847500 0.684969 0.463115 
21.870000 0.681564 0.46837 
21.892500 0.678117 0.473593 
21.915000 0.674629 0.478785 
21.937500 0.671099 0.483944 
21.960000 0.667528 0.489071 
21.982500 0.663916 0.494165 
22.005000 0.660262 0.499227 
22.027500 0.656568 0.504255 
22.050000 0.652833 0.50925 
22.072500 0.649057 0.514212 
22.095000 0.645241 0.519139 
22.117500 0.622728 0.508742 
22.140000 0.618943 0.513463 
22.162500 0.615122 0.518147 
22.185000 0.611262 0.522797 
22.207500 0.607363 0.527412 
22.230000 0.603427 0.531994 
22.252500 0.599452 0.536541 
22.275000 0.59544 0.541053 
22.297500 0.591389 0.54553 
22.320000 0.587302 0.549972 
22.342500 0.583177 0.554379 
22.365000 0.579015 0.55875 
22.387500 0.574816 0.563085 
22.410000 0.570581 0.567384 
22.432500 0.566309 0.571647 
22.455000 0.562001 0.575873 
22.477500 0.557656 0.580063 
22.500000 0.53687 0.566547 
22.522500 0.532588 0.570541 
22.545000 0.528271 0.574499 
22.567500 0.523921 0.578421 
22.590000 0.519536 0.582306 
22.612500 0.515118 0.586154 
22.635000 0.510666 0.589965 
22.657500 0.506181 0.59374 
22.680000 0.501662 0.597477 
22.702500 0.497111 0.601177 
22.725000 0.492527 0.60484 
22.747500 0.487911 0.608464 
22.770000 0.483262 0.612051 
22.792500 0.478582 0.6156 
22.815000 0.47387 0.619111 
22.837500 0.469126 0.622583 
22.860000 0.450323 0.606383 
22.882500 0.445675 0.609672 
22.905000 0.44099 0.612928 
22.927500 0.436276 0.616145 
22.950000 0.431533 0.619326 
22.972500 0.42676 0.622468 
22.995000 0.421958 0.625571 
23.017500 0.417128 0.628637 
23.040000 0.41227 0.631664 
23.062500 0.407384 0.634653 
23.085000 0.402469 0.637604 
23.107500 0.397527 0.640515 
23.130000 0.392558 0.643388 
23.152500 0.387562 0.646221 
23.175000 0.382539 0.649016 
23.197500 0.377489 0.651771 
23.220000 0.372414 0.654487 
23.242500 0.356046 0.635782 
23.265000 0.351082 0.638341 
23.287500 0.346097 0.640859 
23.310000 0.341088 0.643339 
23.332500 0.336054 0.64578 
23.355000 0.330997 0.648183 
23.377500 0.325916 0.650546 
23.400000 0.320812 0.652872 
23.422500 0.315685 0.655158 
23.445000 0.310535 0.657405 
23.467500 0.305363 0.659613 
23.490000 0.300169 0.661782 
23.512500 0.294952 0.663912 
23.535000 0.289714 0.666002 
23.557500 0.284455 0.668053 
23.580000 0.279175 0.670065 
23.602500 0.273874 0.672037 
23.625000 0.260216 0.651228 
23.647500 0.255055 0.653063 
23.670000 0.249875 0.654859 
23.692500 0.244676 0.656617 
23.715000 0.239459 0.658336 
23.737500 0.234223 0.660017 
23.760000 0.228969 0.661659 
23.782500 0.223698 0.663263 
23.805000 0.218409 0.664827 
23.827500 0.213103 0.666353 
23.850000 0.20778 0.667841 
23.872500 0.20244 0.669289 
23.895000 0.197085 0.670699 
23.917500 0.191713 0.672069 
23.940000 0.186326 0.673401 
23.962500 0.180924 0.674694 
23.985000 0.170025 0.652294 
24.007500 0.164792 0.65347 
24.030000 0.159536 0.654609 
24.052500 0.154267 0.655711 
24.075000 0.148985 0.656775 
24.097500 0.14369 0.657801 
24.120000 0.138382 0.658789 
24.142500 0.133062 0.65974 
24.165000 0.12773 0.660652 
24.187500 0.122386 0.661527 
24.210000 0.117031 0.662364 
24.232500 0.111664 0.663163 
24.255000 0.106287 0.663924 
24.277500 0.1009 0.664647 
24.300000 0.0955019 0.665333 
24.322500 0.0900944 0.66598 
24.345000 0.0846774 0.666589 
24.367500 0.0768948 0.642958 
24.390000 0.0716527 0.643477 
24.412500 0.066407 0.643958 
24.435000 0.0611534 0.644403 
24.457500 0.0558922 0.644812 
24.480000 0.0506237 0.645184 
24.502500 0.0453482 0.645519 
24.525000 0.0400661 0.645818 
24.547500 0.0347777 0.646081 
24.570000 0.0294833 0.646307 
24.592500 0.0241832 0.646496 
24.615000 0.0188777 0.646649 
24.637500 0.0135672 0.646766 
24.660000 0.00825196 0.646846 
24.682500 0.00293234 0.64689 
24.705000 -0.00239135 0.646897 
24.727500 -0.00771877 0.646869 
24.750000 -0.0122963 0.622484 
24.772500 -0.0174295 0.622388 
24.795000 -0.0225653 0.622258 
24.817500 -0.0277035 0.622092 
24.840000 -0.0328438 0.621892 
24.862500 -0.0379857 0.621657 
24.885000 -0.0431291 0.621387 
24.907500 -0.0482735 0.621083 
24.930000 -0.0534187 0.620744 
24.952500 -0.0585644 0.62037 
24.975000 -0.0637101 0.619962 
24.997500 -0.0688557 0.619519 
25.020000 -0.0740008 0.619041 
25.042500 -0.079145 0.618529 
25.065000 -0.084288 0.617983 
25.087500 -0.0894296 0.617402 
25.110000 -0.090956 0.592753 
25.132500 -0.0958852 0.59213 
25.155000 -0.10082 0.591473 
25.177500 -0.105753 0.590783 
25.200000 -0.110682 0.59006 
25.222500 -0.115609 0.589304 
25.245000 -0.120531 0.588516 
25.267500 -0.12545 0.587695 
25.290000 -0.130364 0.586842 
25.312500 -0.135274 0.585956 
25.335000 -0.140179 0.585038 
25.357500 -0.145079 0.584087 
25.380000 -0.149974 0.583104 
25.402500 -0.154863 0.582089 
25.425000 -0.159745 0.581042 
25.447500 -0.164621 0.579962 
25.470000 -0.169491 0.578851 
25.492500 -0.167753 0.554382 
25.515000 -0.172417 0.55325 
25.537500 -0.177069 0.552089 
25.560000 -0.181713 0.550897 
25.582500 -0.18635 0.549675 
25.605000 -0.190978 0.548422 
25.627500 -0.195598 0.547139 
25.650000 -0.200209 0.545826 
25.672500 -0.204811 0.544483 
25.695000 -0.209403 0.54311 
25.717500 -0.213986 0.541707 
25.740000 -0.218558 0.540275 
25.762500 -0.223121 0.538812 
25.785000 -0.227672 0.53732 
25.807500 -0.232213 0.535799 
25.830000 -0.236743 0.534248 
25.852500 -0.241261 0.532667 
25.875000 -0.236352 0.508838 
25.897500 -0.240659 0.507261 
25.920000 -0.244954 0.505656 
25.942500 -0.249237 0.504024 
25.965000 -0.253507 0.502364 
25.987500 -0.257765 0.500676 
26.010000 -0.26201 0.498961 
26.032500 -0.266241 0.497218 
26.055000 -0.270459 0.495448 
26.077500 -0.274663 0.493651 
26.100000 -0.278853 0.491826 
26.122500 -0.283029 0.489975 
26.145000 -0.28719 0.488096 
26.167500 -0.291336 0.486191 
26.190000 -0.295467 0.484259 
26.212500 -0.299583 0.4823 
26.235000 -0.291818 0.459488 
26.257500 -0.295718 0.457557 
26.280000 -0.29961 0.455598 
26.302500 -0.303486 0.453614 
26.325000 -0.307347 0.451605 
26.347500 -0.31119 0.449571 
26.370000 -0.315018 0.447513 
26.392500 -0.318828 0.445429 
26.415000 -0.322621 0.443321 
26.437500 -0.326397 0.441189 
26.460000 -0.330156 0.439032 
26.482500 -0.333897 0.436851 
26.505000 -0.337619 0.434646 
26.527500 -0.341323 0.432416 
26.550000 -0.345009 0.430163 
26.572500 -0.348676 0.427886 
26.595000 -0.352324 0.425586 
26.617500 -0.341653 0.40423 
26.640000 -0.345105 0.401974 
26.662500 -0.348534 0.399697 
26.685000 -0.351944 0.397399 
26.707500 -0.355334 0.395078 
26.730000 -0.358705 0.392736 
26.752500 -0.362056 0.390371 
26.775000 -0.365387 0.387985 
26.797500 -0.368698 0.385577 
26.820000 -0.371988 0.383148 
26.842500 -0.375258 0.380697 
26.865000 -0.378506 0.378226 
26.887500 -0.381734 0.375733 
26.910000 -0.38494 0.373219 
26.932500 -0.388125 0.370684 
26.955000 -0.391289 0.368128 
26.977500 -0.39443 0.365552 
27.000000 -0.381098 0.346018 
27.022500 -0.384051 0.343508 
27.045000 -0.386983 0.34098 
27.067500 -0.389893 0.338432 
27.090000 -0.392781 0.335864 
27.112500 -0.395647 0.333278 
27.135000 -0.398491 0.330674 
27.157500 -0.401312 0.32805 
27.180000 -0.404111 0.325408 
27.202500 -0.406886 0.322748 
27.225000 -0.409639 0.320069 
27.247500 -0.412369 0.317372 
27.270000 -0.415075 0.314657 
27.292500 -0.417757 0.311925 
27.315000 -0.420416 0.309174 
27.337500 -0.423051 0.306406 
27.360000 -0.407465 0.288905 
27.382500 -0.409923 0.286226 
27.405000 -0.412362 0.283525 
27.427500 -0.414777 0.280808 
27.450000 -0.417169 0.278076 
27.472500 -0.419537 0.275327 
27.495000 -0.421882 0.272562 
27.517500 -0.424202 0.269781 
27.540000 -0.426498 0.266985 
27.562500 -0.428769 0.264174 
27.585000 -0.431016 0.261347 
27.607500 -0.433239 0.258505 
27.630000 -0.435436 0.255648 
27.652500 -0.437609 0.252776 
27.675000 -0.439757 0.249889 
27.697500 -0.441879 0.246987 
27.720000 -0.443977 0.244071 
27.742500 -0.426252 0.228975 
27.765000 -0.428198 0.226157 
27.787500 -0.430118 0.223329 
27.810000 -0.432012 0.220487 
27.832500 -0.433882 0.217632 
27.855000 -0.435727 0.214765 
27.877500 -0.437547 0.211884 
27.900000 -0.439342 0.208991 
27.922500 -0.441112 0.206086 
27.945000 -0.442856 0.203167 
27.967500 -0.444575 0.200237 
27.990000 -0.446268 0.197294 
28.012500 -0.447936 0.19434 
28.035000 -0.449578 0.191373 
28.057500 -0.451195 0.188395 
28.080000 -0.452785 0.185406 
28.102500 -0.454349 0.182404 
28.125000 -0.434829 0.169938 
28.147500 -0.436263 0.167054 
28.170000 -0.437671 0.164158 
28.192500 -0.439054 0.161253 
28.215000 -0.440411 0.158338 
28.237500 -0.441744 0.155412 
28.260000 -0.443051 0.152477 
28.282500 -0.444333 0.149531 
28.305000 -0.445589 0.146577 
28.327500 -0.446819 0.143612 
28.350000 -0.448024 0.140639 
28.372500 -0.449204 0.137656 
28.395000 -0.450357 0.134665 
28.417500 -0.451485 0.131664 
28.440000 -0.452586 0.128655 
28.462500 -0.453662 0.125637 
28.485000 -0.432778 0.115833 
28.507500 -0.433743 0.11295 
28.530000 -0.434686 0.110054 
28.552500 -0.435604 0.10715 
28.575000 -0.436497 0.104238 
28.597500 -0.437365 0.10132 
28.620000 -0.438208 0.0983939 
28.642500 -0.439026 0.0954611 
28.665000 -0.439819 0.0925215 
28.687500 -0.440587 0.0895751 
28.710000 -0.441329 0.0866222 
28.732500 -0.442046 0.0836629 
28.755000 -0.442738 0.0806972 
28.777500 -0.443405 0.0777255 
28.800000 -0.444047 0.0747478 
28.822500 -0.444663 0.0717642 
28.845000 -0.445254 0.0687749 
28.867500 -0.423262 0.0619026 
28.890000 -0.423771 0.0590503 
28.912500 -0.424255 0.0561966 
28.935000 -0.424716 0.0533381 
28.957500 -0.425152 0.0504749 
28.980000 -0.425563 0.0476071 
29.002500 -0.425951 0.044735 
29.025000 -0.426315 0.0418587 
29.047500 -0.426654 0.0389782 
29.070000 -0.426969 0.0360938 
29.092500 -0.42726 0.0332056 
29.115000 -0.427526 0.0303137 
29.137500 -0.427768 0.0274183 
29.160000 -0.427987 0.0245195 
29.182500 -0.428181 0.0216175 
29.205000 -0.42835 0.0187123 
29.227500 -0.428496 0.0158042 
29.250000 -0.405785 0.0119368 
29.272500 -0.405875 0.00917825 
29.295000 -0.405942 0.00641738 
29.317500 -0.405986 0.00365429 
29.340000 -0.406007 0.00088912 
29.362500 -0.406005 -0.00187799 
29.385000 -0.405981 -0.0046469 
29.407500 -0.405934 -0.00741748 
29.430000 -0.405864 -0.0101896 
29.452500 -0.405771 -0.012963 
29.475000 -0.405655 -0.0157378 
29.497500 -0.405516 -0.0185136 
29.520000 -0.405355 -0.0212903 
29.542500 -0.405171 -0.0240679 
29.565000 -0.404965 -0.0268462 
29.587500 -0.404736 -0.0296249 
29.610000 -0.3817 -0.0306201 
29.632500 -0.381442 -0.0332365 
29.655000 -0.381161 -0.0358595 
29.677500 -0.38086 -0.0384824 
29.700000 -0.380537 -0.0411051 
29.722500 -0.380193 -0.0437276 
29.745000 -0.379828 -0.0463496 
29.767500 -0.379441 -0.0489709 
29.790000 -0.379034 -0.0515916 
29.812500 -0.378606 -0.0542114 
29.835000 -0.378156 -0.0568303 
29.857500 -0.377686 -0.0594479 
29.880000 -0.377195 -0.0620644 
29.902500 -0.376683 -0.0646794 
29.925000 -0.37615 -0.0672928 
29.947500 -0.375597 -0.0699046 
29.970000 -0.375023 -0.0725146 
29.992500 -0.352023 -0.0704843 
30.015000 -0.351445 -0.0729379 
30.037500 -0.350848 -0.0753857 
30.060000 -0.350232 -0.0778313 
30.082500 -0.349596 -0.0802745 
30.105000 -0.348942 -0.0827153 
30.127500 -0.348268 -0.0851534 
30.150000 -0.347576 -0.0875888 
30.172500 -0.346864 -0.0900213 
30.195000 -0.346134 -0.0924508 
30.217500 -0.345385 -0.0948772 
30.240000 -0.344617 -0.0973003 
30.262500 -0.34383 -0.09972 
30.285000 -0.343024 -0.102136 
30.307500 -0.3422 -0.104549 
30.330000 -0.341357 -0.106958 
30.352500 -0.340496 -0.109362 
30.375000 -0.317914 -0.104378 
30.397500 -0.317075 -0.106621 
30.420000 -0.31622 -0.108861 
30.442500 -0.315347 -0.111096 
30.465000 -0.314457 -0.113327 
30.487500 -0.31355 -0.115553 
30.510000 -0.312627 -0.117775 
30.532500 -0.311686 -0.119992 
30.555000 -0.310729 -0.122205 
30.577500 -0.309755 -0.124413 
30.600000 -0.308765 -0.126615 
30.622500 -0.307758 -0.128813 
30.645000 -0.306735 -0.131005 
30.667500 -0.305696 -0.133192 
30.690000 -0.30464 -0.135374 
30.712500 -0.303568 -0.13755 
30.735000 -0.281718 -0.129874 
30.757500 -0.280695 -0.131883 
30.780000 -0.279653 -0.133893 
30.802500 -0.278597 -0.135898 
30.825000 -0.277527 -0.137896 
30.847500 -0.276442 -0.139889 
30.870000 -0.275342 -0.141875 
30.892500 -0.274227 -0.143856 
30.915000 -0.273099 -0.14583 
30.937500 -0.271956 -0.147798 
30.960000 -0.270799 -0.14976 
30.982500 -0.269627 -0.151715 
31.005000 -0.268442 -0.153663 
31.027500 -0.267242 -0.155605 
31.050000 -0.266029 -0.157539 
31.072500 -0.264802 -0.159467 
31.095000 -0.263561 -0.161387 
31.117500 -0.242855 -0.150989 
31.140000 -0.24168 -0.152756 
31.162500 -0.240495 -0.154514 
31.185000 -0.239298 -0.156264 
31.207500 -0.238088 -0.158008 
31.230000 -0.236866 -0.159744 
31.252500 -0.235632 -0.161473 
31.275000 -0.234385 -0.163194 
31.297500 -0.233127 -0.164908 
31.320000 -0.231857 -0.166614 
31.342500 -0.230575 -0.168313 
31.365000 -0.229281 -0.170003 
31.387500 -0.227976 -0.171686 
31.410000 -0.226659 -0.173361 
31.432500 -0.225331 -0.175028 
31.455000 -0.223991 -0.176686 
31.477500 -0.22264 -0.178336 
31.500000 -0.203412 -0.165412 
31.522500 -0.202149 -0.166913 
31.545000 -0.200877 -0.168406 
31.567500 -0.199595 -0.169892 
31.590000 -0.198302 -0.171369 
31.612500 -0.197 -0.172838 
31.635000 -0.195688 -0.174299 
31.657500 -0.194366 -0.175751 
31.680000 -0.193034 -0.177195 
31.702500 -0.191693 -0.17863 
31.725000 -0.190342 -0.180057 
31.747500 -0.188982 -0.181475 
31.770000 -0.187613 -0.182884 
31.792500 -0.186235 -0.184285 
31.815000 -0.184847 -0.185676 
31.837500 -0.18345 -0.187058 
31.860000 -0.165905 -0.171957 
31.882500 -0.16462 -0.173195 
31.905000 -0.163321 -0.17443 
31.927500 -0.162014 -0.175656 
31.950000 -0.1607 -0.176873 
31.972500 -0.159378 -0.178081 
31.995000 -0.158048 -0.179281 
32.017500 -0.15671 -0.180472 
32.040000 -0.155365 -0.181653 
32.062500 -0.154013 -0.182826 
32.085000 -0.152653 -0.183989 
32.107500 -0.151286 -0.185144 
32.130000 -0.149912 -0.186289 
32.152500 -0.148531 -0.187425 
32.175000 -0.147142 -0.188551 
32.197500 -0.145747 -0.189668 
32.220000 -0.144345 -0.190775 
32.242500 -0.128891 -0.173593 
32.265000 -0.127607 -0.174576 
32.287500 -0.126321 -0.175549 
32.310000 -0.125028 -0.176512 
32.332500 -0.12373 -0.177466 
32.355000 -0.122427 -0.178411 
32.377500 -0.121117 -0.179347 
32.400000 -0.119802 -0.180274 
32.422500 -0.118482 -0.181192 
32.445000 -0.117156 -0.182101 
32.467500 -0.115825 -0.183 
32.490000 -0.114488 -0.183889 
32.512500 -0.113147 -0.184769 
32.535000 -0.1118 -0.18564 
32.557500 -0.110448 -0.186501 
32.580000 -0.109092 -0.187352 
32.602500 -0.10773 -0.188194 
32.625000 -0.0946179 -0.169225 
32.647500 -0.0933909 -0.169957 
32.670000 -0.0921598 -0.170679 
32.692500 -0.0909247 -0.171393 
32.715000 -0.0896857 -0.172098 
32.737500 -0.0884427 -0.172793 
32.760000 -0.0871959 -0.17348 
32.782500 -0.0859454 -0.174158 
32.805000 -0.0846912 -0.174826 
32.827500 -0.0834334 -0.175485 
32.850000 -0.0821721 -0.176135 
32.872500 -0.0809073 -0.176776 
32.895000 -0.0796391 -0.177407 
32.917500 -0.0783676 -0.178029 
32.940000 -0.0770928 -0.178642 
32.962500 -0.0758149 -0.179245 
32.985000 -0.065123 -0.15888 
33.007500 -0.0639953 -0.159388 
33.030000 -0.0628588 -0.15989 
33.052500 -0.0617197 -0.160384 
33.075000 -0.0605782 -0.160869 
33.097500 -0.0594344 -0.161345 
33.120000 -0.0582881 -0.161813 
33.142500 -0.0571397 -0.162272 
33.165000 -0.055989 -0.162723 
33.187500 -0.0548361 -0.163165 
33.210000 -0.0536812 -0.163598 
33.232500 -0.0525243 -0.164022 
33.255000 -0.0513655 -0.164437 
33.277500 -0.0502047 -0.164843 
33.300000 -0.0490422 -0.165241 
33.322500 -0.0478778 -0.165629 
33.345000 -0.0467118 -0.166009 
33.367500 -0.0387869 -0.144471 
33.390000 -0.0377685 -0.14478 
33.412500 -0.0367524 -0.145081 
33.435000 -0.0357352 -0.145373 
33.457500 -0.0347168 -0.145658 
33.480000 -0.0336973 -0.145935 
33.502500 -0.0326768 -0.146204 
33.525000 -0.0316552 -0.146464 
33.547500 -0.0306327 -0.146717 
33.570000 -0.0296094 -0.146962 
33.592500 -0.0285852 -0.147199 
33.615000 -0.0275602 -0.147427 
33.637500 -0.0265345 -0.147648 
33.660000 -0.0255081 -0.14786 
33.682500 -0.0244811 -0.148065 
33.705000 -0.0234535 -0.148261 
33.727500 -0.0224255 -0.148449 
33.750000 -0.0174062 -0.126097 
33.772500 -0.0165338 -0.126237 
33.795000 -0.0156611 -0.12637 
33.817500 -0.0147882 -0.126496 
33.840000 -0.0139152 -0.126615 
33.862500 -0.013042 -0.126727 
33.885000 -0.0121688 -0.126832 
33.907500 -0.0112955 -0.12693 
33.930000 -0.0104223 -0.127021 
33.952500 -0.00954908 -0.127105 
33.975000 -0.008676 -0.127182 
33.997500 -0.00780307 -0.127252 
34.020000 -0.00693033 -0.127314 
34.042500 -0.00605784 -0.12737 
34.065000 -0.00518564 -0.127418 
34.087500 -0.00431376 -0.127459 
34.110000 -0.00214502 -0.104679 
34.132500 -0.00143681 -0.104695 
34.155000 -0.000722506 -0.104707 
34.177500 -8.65798e-06 -0.104712 
34.200000 0.000704701 -0.104712 
34.222500 0.00141754 -0.104705 
34.245000 0.00212981 -0.104693 
34.267500 0.00284149 -0.104675 
34.290000 0.00355253 -0.104651 
34.312500 0.00426291 -0.104621 
34.335000 0.00497258 -0.104585 
34.357500 0.00568151 -0.104544 
34.380000 0.00638966 -0.104496 
34.402500 0.007097 -0.104443 
34.425000 0.0078035 -0.104384 
34.447500 0.00850911 -0.104318 
34.470000 0.00921381 -0.104247 
34.492500 0.00830105 -0.0813763 
34.515000 0.00885331 -0.0813071 
34.537500 0.00940106 -0.0812335 
34.560000 0.00994797 -0.0811554 
34.582500 0.010494 -0.0810726 
34.605000 0.0110391 -0.0809852 
34.627500 0.0115833 -0.0808933 
34.650000 0.0121265 -0.0807967 
34.672500 0.0126687 -0.0806956 
34.695000 0.0132099 -0.0805899 
34.717500 0.0137501 -0.0804796 
34.740000 0.0142892 -0.0803647 
34.762500 0.0148272 -0.0802453 
34.785000 0.0153641 -0.0801213 
34.807500 0.0158998 -0.0799927 
34.830000 0.0164343 -0.0798596 
34.852500 0.0169677 -0.0797219 
34.875000 0.0129699 -0.0571478 
34.897500 0.0133509 -0.0570393 
34.920000 0.0137309 -0.0569276 
34.942500 0.0141099 -0.0568126 
34.965000 0.014488 -0.0566944 
34.987500 0.0148651 -0.056573 
35.010000 0.0152411 -0.0564483 
35.032500 0.0156162 -0.0563204 
35.055000 0.0159902 -0.0561893 
35.077500 0.0163631 -0.0560549 
35.100000 0.0167349 -0.0559174 
35.122500 0.0171056 -0.0557766 
35.145000 0.0174752 -0.0556327 
35.167500 0.0178437 -0.0554856 
35.190000 0.018211 -0.0553353 
35.212500 0.0185771 -0.0551818 
35.235000 0.0116857 -0.0332345 
35.257500 0.0118992 -0.0331387 
35.280000 0.012118 -0.0330384 
35.302500 0.012336 -0.0329363 
35.325000 0.0125533 -0.0328323 
35.347500 0.0127697 -0.0327264 
35.370000 0.0129854 -0.0326186 
35.392500 0.0132003 -0.032509 
35.415000 0.0134143 -0.0323975 
35.437500 0.0136275 -0.0322841 
35.460000 0.0138399 -0.0321689 
35.482500 0.0140514 -0.0320518 
35.505000 0.0142621 -0.031933 
35.527500 0.0144719 -0.0318122 
35.550000 0.0146808 -0.0316897 
35.572500 0.0148889 -0.0315653 
35.595000 0.015096 -0.0314392 
35.617500 0.00523797 -0.0105464 
35.640000 0.00531032 -0.0105 
35.662500 0.00537909 -0.010455 
35.685000 0.00544754 -0.0104095 
35.707500 0.00551567 -0.0103633 
35.730000 0.00558346 -0.0103165 
35.752500 0.00565093 -0.0102691 
35.775000 0.00571807 -0.0102212 
35.797500 0.00578487 -0.0101727 
35.820000 0.00585133 -0.0101235 
35.842500 0.00591745 -0.0100739 
35.865000 0.00598322 -0.0100236 
35.887500 0.00604864 -0.00997274 
35.910000 0.00611371 -0.00992133 
35.932500 0.00617843 -0.00986935 
35.955000 0.00624279 -0.00981681 
35.977500 0.00630678 -0.0097637 
