0.000000 
0.120000 
0.240000 
0.360000 
0.480000 
0.600000 
0.720000 
0.840000 
0.960000 
1.080000 
1.200000 
1.320000 
1.440000 
1.560000 
1.680000 
1.800000 
1.920000 
2.040000 
2.160000 
2.280000 
2.400000 
2.520000 
2.640000 
2.760000 
2.880000 
3.000000 
3.120000 
3.240000 
3.360000 
3.480000 
3.600000 
3.720000 
3.840000 
3.960000 
4.080000 
4.200000 
4.320000 
4.440000 
4.560000 
4.680000 
4.800000 
4.920000 
5.040000 
5.160000 
5.280000 
5.400000 
5.520000 
5.640000 
5.760000 
5.880000 
6.000000 
6.120000 
6.240000 
6.360000 
6.480000 
6.600000 
6.720000 
6.840000 
6.960000 
7.080000 
7.200000 
7.320000 
7.440000 
7.560000 
7.680000 
7.800000 
7.920000 
8.040000 
8.160000 
8.280000 
8.400000 
8.520000 
8.640000 
8.760000 
8.880000 
9.000000 
9.120000 
9.240000 
9.360000 
9.480000 
9.600000 
9.720000 
9.840000 
9.960000 
10.080000 
10.200000 
10.320000 
10.440000 
10.560000 
10.680000 
10.800000 
10.920000 
11.040000 
11.160000 
11.280000 
11.400000 
11.520000 
11.640000 
11.760000 
11.880000 
12.000000 
0.000000 
0.120000 
0.240000 
0.360000 
0.480000 
0.600000 
0.720000 
0.840000 
0.960000 
1.080000 
1.200000 
1.320000 
1.440000 
1.560000 
1.680000 
1.800000 
1.920000 
2.040000 
2.160000 
2.280000 
2.400000 
2.520000 
2.640000 
2.760000 
2.880000 
3.000000 
3.120000 
3.240000 
3.360000 
3.480000 
3.600000 
3.720000 
3.840000 
3.960000 
4.080000 
4.200000 
4.320000 
4.440000 
4.560000 
4.680000 
4.800000 
4.920000 
5.040000 
5.160000 
5.280000 
5.400000 
5.520000 
5.640000 
5.760000 
5.880000 
6.000000 
6.120000 
6.240000 
6.360000 
6.480000 
6.600000 
6.720000 
6.840000 
6.960000 
7.080000 
7.200000 
7.320000 
7.440000 
7.560000 
7.680000 
7.800000 
7.920000 
8.040000 
8.160000 
8.280000 
8.400000 
8.520000 
8.640000 
8.760000 
8.880000 
9.000000 
9.120000 
9.240000 
9.360000 
9.480000 
9.600000 
9.720000 
9.840000 
9.960000 
10.080000 
10.200000 
10.320000 
10.440000 
10.560000 
10.680000 
10.800000 
10.920000 
11.040000 
11.160000 
11.280000 
11.400000 
11.520000 
11.640000 
11.760000 
11.880000 
12.000000 
