0.000000 1.000000 5.17938e-09
0.000000 2.000000 0

0.120000 1.000000 5.41952e-09
0.120000 2.000000 0

0.240000 1.000000 5.78976e-09
0.240000 2.000000 0

0.360000 1.000000 6.30027e-09
0.360000 2.000000 0

0.480000 1.000000 6.96855e-09
0.480000 2.000000 0

0.600000 1.000000 7.82107e-09
0.600000 2.000000 0

0.720000 1.000000 8.89599e-09
0.720000 2.000000 0

0.840000 1.000000 1.02476e-08
0.840000 2.000000 0

0.960000 1.000000 1.19534e-08
0.960000 2.000000 0

1.080000 1.000000 1.41258e-08
1.080000 2.000000 0

1.200000 1.000000 1.69315e-08
1.200000 2.000000 0

1.320000 1.000000 2.06256e-08
1.320000 2.000000 0

1.440000 1.000000 2.56136e-08
1.440000 2.000000 0

1.560000 1.000000 3.25729e-08
1.560000 2.000000 0

1.680000 1.000000 4.27066e-08
1.680000 2.000000 0

1.800000 1.000000 5.83293e-08
1.800000 2.000000 0

1.920000 1.000000 8.44006e-08
1.920000 2.000000 0

2.040000 1.000000 1.33325e-07
2.040000 2.000000 0

2.160000 1.000000 2.44761e-07
2.160000 2.000000 0

2.280000 1.000000 6.23749e-07
2.280000 2.000000 0

2.400000 1.000000 0.717154
2.400000 2.000000 0

2.520000 1.000000 0.999999
2.520000 2.000000 0

2.640000 1.000000 0.999999
2.640000 2.000000 0

2.760000 1.000000 1
2.760000 2.000000 0

2.880000 1.000000 1
2.880000 2.000000 0

3.000000 1.000000 1
3.000000 2.000000 0

3.120000 1.000000 0.999999
3.120000 2.000000 0

3.240000 1.000000 0.999999
3.240000 2.000000 0

3.360000 1.000000 0.999999
3.360000 2.000000 0

3.480000 1.000000 0.999998
3.480000 2.000000 0

3.600000 1.000000 0.999997
3.600000 2.000000 0

3.720000 1.000000 0.999991
3.720000 2.000000 0

3.840000 1.000000 0.999603
3.840000 2.000000 0

3.960000 1.000000 0.541113
3.960000 2.000000 0

4.080000 1.000000 0.580643
4.080000 2.000000 0

4.200000 1.000000 0.504414
4.200000 2.000000 0

4.320000 1.000000 0.46426
4.320000 2.000000 0

4.440000 1.000000 0.418635
4.440000 2.000000 0

4.560000 1.000000 0.378802
4.560000 2.000000 0

4.680000 1.000000 0.341557
4.680000 2.000000 0

4.800000 1.000000 0.307602
4.800000 2.000000 0

4.920000 1.000000 0.276552
4.920000 2.000000 0

5.040000 1.000000 0.248298
5.040000 2.000000 0

5.160000 1.000000 0.222642
5.160000 2.000000 0

5.280000 1.000000 0.199408
5.280000 2.000000 0

5.400000 1.000000 0.178413
5.400000 2.000000 0

5.520000 1.000000 0.159478
5.520000 2.000000 0

5.640000 1.000000 0.142434
5.640000 2.000000 0

5.760000 1.000000 0.127115
5.760000 2.000000 0

5.880000 1.000000 0.113367
5.880000 2.000000 0

6.000000 1.000000 0.101045
6.000000 2.000000 0

6.120000 1.000000 0.0900135
6.120000 2.000000 0

6.240000 1.000000 0.080148
6.240000 2.000000 0

6.360000 1.000000 0.0713332
6.360000 2.000000 0

6.480000 1.000000 0.0634638
6.480000 2.000000 0

6.600000 1.000000 0.0564435
6.600000 2.000000 0

6.720000 1.000000 0.0501848
6.720000 2.000000 0

6.840000 1.000000 0.0446084
6.840000 2.000000 0

6.960000 1.000000 0.0396425
6.960000 2.000000 0

7.080000 1.000000 0.0352224
7.080000 2.000000 0

7.200000 1.000000 0.0312897
7.200000 2.000000 0

7.320000 1.000000 0.027792
7.320000 2.000000 0

7.440000 1.000000 0.0246823
7.440000 2.000000 0

7.560000 1.000000 0.0219184
7.560000 2.000000 0

7.680000 1.000000 0.0194625
7.680000 2.000000 0

7.800000 1.000000 0.0172809
7.800000 2.000000 0

7.920000 1.000000 0.0153435
7.920000 2.000000 0

8.040000 1.000000 0.0136233
8.040000 2.000000 0

8.160000 1.000000 0.0120965
8.160000 2.000000 0

8.280000 1.000000 0.0107411
8.280000 2.000000 0

8.400000 1.000000 0.00953894
8.400000 2.000000 0

8.520000 1.000000 0.00847223
8.520000 2.000000 0

8.640000 1.000000 0.00752876
8.640000 2.000000 0

8.760000 1.000000 0.00668077
8.760000 2.000000 0

8.880000 1.000000 0.00594846
8.880000 2.000000 0

9.000000 1.000000 0.00532023
9.000000 2.000000 0

9.120000 1.000000 0.00457985
9.120000 2.000000 0

9.240000 1.000000 0.00425472
9.240000 2.000000 0

9.360000 1.000000 0.00384304
9.360000 2.000000 0

9.480000 1.000000 0.00327502
9.480000 2.000000 0

9.600000 1.000000 0.00299569
9.600000 2.000000 0

9.720000 1.000000 0.00261081
9.720000 2.000000 0

9.840000 1.000000 0.00227518
9.840000 2.000000 0

9.960000 1.000000 0.00197849
9.960000 2.000000 0

10.080000 1.000000 0.00172935
10.080000 2.000000 0

10.200000 1.000000 0.00152714
10.200000 2.000000 0

10.320000 1.000000 0.0013656
10.320000 2.000000 0

10.440000 1.000000 0.00123838
10.440000 2.000000 0

10.560000 1.000000 0.00113993
10.560000 2.000000 0

10.680000 1.000000 0.0010659
10.680000 2.000000 0

10.800000 1.000000 0.00101321
10.800000 2.000000 0

10.920000 1.000000 0.000980109
10.920000 2.000000 0

11.040000 1.000000 0.000966307
11.040000 2.000000 0

11.160000 1.000000 0.000973355
11.160000 2.000000 0

11.280000 1.000000 0.00100563
11.280000 2.000000 0

11.400000 1.000000 0.00107276
11.400000 2.000000 0

11.520000 1.000000 0.00119609
11.520000 2.000000 0

11.640000 1.000000 0.00143026
11.640000 2.000000 0

11.760000 1.000000 0.00196776
11.760000 2.000000 0

11.880000 1.000000 0.00464387
11.880000 2.000000 0

12.000000 1.000000 0.00464387
12.000000 2.000000 0

12.000000 1.000000 0.00464387
12.000000 2.000000 0

0.000000 1.000000 5.17938e-09
0.000000 2.000000 0

0.120000 1.000000 5.41952e-09
0.120000 2.000000 0

0.240000 1.000000 5.78976e-09
0.240000 2.000000 0

0.360000 1.000000 6.30027e-09
0.360000 2.000000 0

0.480000 1.000000 6.96855e-09
0.480000 2.000000 0

0.600000 1.000000 7.82107e-09
0.600000 2.000000 0

0.720000 1.000000 8.89599e-09
0.720000 2.000000 0

0.840000 1.000000 1.02476e-08
0.840000 2.000000 0

0.960000 1.000000 1.19534e-08
0.960000 2.000000 0

1.080000 1.000000 1.41258e-08
1.080000 2.000000 0

1.200000 1.000000 1.69315e-08
1.200000 2.000000 0

1.320000 1.000000 2.06256e-08
1.320000 2.000000 0

1.440000 1.000000 2.56136e-08
1.440000 2.000000 0

1.560000 1.000000 3.25729e-08
1.560000 2.000000 0

1.680000 1.000000 4.27066e-08
1.680000 2.000000 0

1.800000 1.000000 5.83293e-08
1.800000 2.000000 0

1.920000 1.000000 8.44006e-08
1.920000 2.000000 0

2.040000 1.000000 1.33325e-07
2.040000 2.000000 0

2.160000 1.000000 2.44761e-07
2.160000 2.000000 0

2.280000 1.000000 6.23749e-07
2.280000 2.000000 0

2.400000 1.000000 0.717154
2.400000 2.000000 0

2.520000 1.000000 0.999999
2.520000 2.000000 0

2.640000 1.000000 0.999999
2.640000 2.000000 0

2.760000 1.000000 1
2.760000 2.000000 0

2.880000 1.000000 1
2.880000 2.000000 0

3.000000 1.000000 1
3.000000 2.000000 0

3.120000 1.000000 0.999999
3.120000 2.000000 0

3.240000 1.000000 0.999999
3.240000 2.000000 0

3.360000 1.000000 0.999999
3.360000 2.000000 0

3.480000 1.000000 0.999998
3.480000 2.000000 0

3.600000 1.000000 0.999997
3.600000 2.000000 0

3.720000 1.000000 0.999991
3.720000 2.000000 0

3.840000 1.000000 0.999603
3.840000 2.000000 0

3.960000 1.000000 0.541113
3.960000 2.000000 0

4.080000 1.000000 0.580643
4.080000 2.000000 0

4.200000 1.000000 0.504414
4.200000 2.000000 0

4.320000 1.000000 0.46426
4.320000 2.000000 0

4.440000 1.000000 0.418635
4.440000 2.000000 0

4.560000 1.000000 0.378802
4.560000 2.000000 0

4.680000 1.000000 0.341557
4.680000 2.000000 0

4.800000 1.000000 0.307602
4.800000 2.000000 0

4.920000 1.000000 0.276552
4.920000 2.000000 0

5.040000 1.000000 0.248298
5.040000 2.000000 0

5.160000 1.000000 0.222642
5.160000 2.000000 0

5.280000 1.000000 0.199408
5.280000 2.000000 0

5.400000 1.000000 0.178413
5.400000 2.000000 0

5.520000 1.000000 0.159478
5.520000 2.000000 0

5.640000 1.000000 0.142434
5.640000 2.000000 0

5.760000 1.000000 0.127115
5.760000 2.000000 0

5.880000 1.000000 0.113367
5.880000 2.000000 0

6.000000 1.000000 0.101045
6.000000 2.000000 0

6.120000 1.000000 0.0900135
6.120000 2.000000 0

6.240000 1.000000 0.080148
6.240000 2.000000 0

6.360000 1.000000 0.0713332
6.360000 2.000000 0

6.480000 1.000000 0.0634638
6.480000 2.000000 0

6.600000 1.000000 0.0564435
6.600000 2.000000 0

6.720000 1.000000 0.0501848
6.720000 2.000000 0

6.840000 1.000000 0.0446084
6.840000 2.000000 0

6.960000 1.000000 0.0396425
6.960000 2.000000 0

7.080000 1.000000 0.0352224
7.080000 2.000000 0

7.200000 1.000000 0.0312897
7.200000 2.000000 0

7.320000 1.000000 0.027792
7.320000 2.000000 0

7.440000 1.000000 0.0246823
7.440000 2.000000 0

7.560000 1.000000 0.0219184
7.560000 2.000000 0

7.680000 1.000000 0.0194625
7.680000 2.000000 0

7.800000 1.000000 0.0172809
7.800000 2.000000 0

7.920000 1.000000 0.0153435
7.920000 2.000000 0

8.040000 1.000000 0.0136233
8.040000 2.000000 0

8.160000 1.000000 0.0120965
8.160000 2.000000 0

8.280000 1.000000 0.0107411
8.280000 2.000000 0

8.400000 1.000000 0.00953894
8.400000 2.000000 0

8.520000 1.000000 0.00847223
8.520000 2.000000 0

8.640000 1.000000 0.00752876
8.640000 2.000000 0

8.760000 1.000000 0.00668077
8.760000 2.000000 0

8.880000 1.000000 0.00594846
8.880000 2.000000 0

9.000000 1.000000 0.00532023
9.000000 2.000000 0

9.120000 1.000000 0.00457985
9.120000 2.000000 0

9.240000 1.000000 0.00425472
9.240000 2.000000 0

9.360000 1.000000 0.00384304
9.360000 2.000000 0

9.480000 1.000000 0.00327502
9.480000 2.000000 0

9.600000 1.000000 0.00299569
9.600000 2.000000 0

9.720000 1.000000 0.00261081
9.720000 2.000000 0

9.840000 1.000000 0.00227518
9.840000 2.000000 0

9.960000 1.000000 0.00197849
9.960000 2.000000 0

10.080000 1.000000 0.00172935
10.080000 2.000000 0

10.200000 1.000000 0.00152714
10.200000 2.000000 0

10.320000 1.000000 0.0013656
10.320000 2.000000 0

10.440000 1.000000 0.00123838
10.440000 2.000000 0

10.560000 1.000000 0.00113993
10.560000 2.000000 0

10.680000 1.000000 0.0010659
10.680000 2.000000 0

10.800000 1.000000 0.00101321
10.800000 2.000000 0

10.920000 1.000000 0.000980109
10.920000 2.000000 0

11.040000 1.000000 0.000966307
11.040000 2.000000 0

11.160000 1.000000 0.000973355
11.160000 2.000000 0

11.280000 1.000000 0.00100563
11.280000 2.000000 0

11.400000 1.000000 0.00107276
11.400000 2.000000 0

11.520000 1.000000 0.00119609
11.520000 2.000000 0

11.640000 1.000000 0.00143026
11.640000 2.000000 0

11.760000 1.000000 0.00196776
11.760000 2.000000 0

11.880000 1.000000 0.00464387
11.880000 2.000000 0

12.000000 1.000000 0.00464387
12.000000 2.000000 0

12.000000 1.000000 0.00464387
12.000000 2.000000 0

