2
2
101
1
5.4093781
7.0648689
1
0.5206919077811462 0.0000000000000000
3
2
101
1
4.9811413
4.0754267
3
0.0000000000000000 0.0000000000000000 0.6077666248271004 
4
2
101
1
2.7550562
1.7222017
4
0.4038585768891926 0.9999999635471828 0.0945211766491258 0.2910748576217898 
5
2
101
1
1.385013
1.3520328
6
0.0000000000000000 0.8394740478792824 0.0324680072810994 0.0838970030719183 0.0000000351781521 
8
2
101
1
1.4687257
1.6769012
8
0.0000000000000000 0.2973565384304088 0.9999999998461466 0.0826738410414036 0.0000001759274333 0.0042737035778601 0.0067733473048998 0.0000254154085176 
100
2
101
1
1.3448838
1.3456776
148
0.0000000051793759 0.0000000054195143 0.0000000057897619 0.0000000063002663 0.0000000069685439 0.0000000078210634 0.0000000088959835 0.0000000102475881 0.0000000119534046 0.0000000141258120 0.0000000169315199 0.0000000206255595 0.0000000256135554 0.0000000325728693 0.0000000427065713 0.0000000583292261 0.0000000844005478 0.0000001333248359 0.0000002447608314 0.0000006237488484 0.7171554877563148 0.9999990359507318 0.9999994167185500 0.9999995197848436 0.9999995417321359 0.9999995161632723 0.9999994433929712 0.9999993022879414 0.9999990342648051 0.9999984741306550 0.9999970251819290 0.9999910092407671 0.9995581942954914 0.5411722905298217 0.5806259686551624 0.5044181020641045 0.4642583792966946 0.4186354052279765 0.3788018471744677 0.3415562844953011 0.3076020456539838 0.2765522043160551 0.2482975646490547 0.2226420611759985 0.1994079758371982 0.1784125305414060 0.1594783241450511 0.1424336603961825 0.1271147814509559 0.1133668761957815 0.1010448278434256 0.0900135511459956 0.0801480595879321 0.0713333119142164 0.0634638991186530 0.0564436173444455 0.0501849649565990 0.0446085949306629 0.0396427436990008 0.0352226475234544 0.0312899863298910 0.0277923570532483 0.0246826826048414 0.0219187892477656 0.0194630310971934 0.0172815683860204 0.0153441837110470 0.0136244586188971 0.0120971961062480 0.0107421524462067 0.0095401009499632 0.0084735314318553 0.0075302763507075 0.0066825517477734 0.0059488016507769 0.0053257620208497 0.0046050931531800 0.0041988217887288 0.0038437366484772 0.0033376408822036 0.0029473448099698 0.0026009993342361 0.0022704153634002 0.0019796875094733 0.0017355286539764 0.0015356216840522 0.0013745898571207 0.0012467806945881 0.0011471667149788 0.0010717215360599 0.0010175658389333 0.0009830503830381 0.0009679209600346 0.0009737347885216 0.0010048518497217 0.0010708393954678 0.0011929615098181 0.0014256852105906 0.0019609950590915 0.0046312418866117 
