0.000000 1.000000 1
0.000000 2.000000 0

0.125000 1.000000 1
0.125000 2.000000 0

0.250000 1.000000 1
0.250000 2.000000 0

0.375000 1.000000 1
0.375000 2.000000 0

0.500000 1.000000 1
0.500000 2.000000 0

0.625000 1.000000 1
0.625000 2.000000 0

0.750000 1.000000 1
0.750000 2.000000 0

0.875000 1.000000 1
0.875000 2.000000 0

1.000000 1.000000 1
1.000000 2.000000 0

1.125000 1.000000 1
1.125000 2.000000 0

1.250000 1.000000 1
1.250000 2.000000 0

1.375000 1.000000 1
1.375000 2.000000 0

1.500000 1.000000 1
1.500000 2.000000 0

1.625000 1.000000 1
1.625000 2.000000 0

1.750000 1.000000 1
1.750000 2.000000 0

1.875000 1.000000 1
1.875000 2.000000 0

2.000000 1.000000 1
2.000000 2.000000 0

2.125000 1.000000 1
2.125000 2.000000 0

2.250000 1.000000 1
2.250000 2.000000 0

2.375000 1.000000 1
2.375000 2.000000 0

2.500000 1.000000 1
2.500000 2.000000 0

2.625000 1.000000 1
2.625000 2.000000 0

2.750000 1.000000 1
2.750000 2.000000 0

2.875000 1.000000 1
2.875000 2.000000 0

3.000000 1.000000 1
3.000000 2.000000 0

3.125000 1.000000 1
3.125000 2.000000 0

3.250000 1.000000 1
3.250000 2.000000 0

3.375000 1.000000 1
3.375000 2.000000 0

3.500000 1.000000 1
3.500000 2.000000 0

3.625000 1.000000 1
3.625000 2.000000 0

3.750000 1.000000 1
3.750000 2.000000 0

3.875000 1.000000 1
3.875000 2.000000 0

4.000000 1.000000 1
4.000000 2.000000 0

4.125000 1.000000 1
4.125000 2.000000 0

4.250000 1.000000 1
4.250000 2.000000 0

4.375000 1.000000 1
4.375000 2.000000 0

4.500000 1.000000 1
4.500000 2.000000 0

4.625000 1.000000 1
4.625000 2.000000 0

4.750000 1.000000 0.999999
4.750000 2.000000 0

4.875000 1.000000 0.999999
4.875000 2.000000 0

5.000000 1.000000 0.999999
5.000000 2.000000 0

5.125000 1.000000 0.999998
5.125000 2.000000 0

5.250000 1.000000 0.999997
5.250000 2.000000 0

5.375000 1.000000 0.999994
5.375000 2.000000 0

5.500000 1.000000 0.999982
5.500000 2.000000 0

5.625000 1.000000 0.0698308
5.625000 2.000000 0

5.750000 1.000000 4.19841e-05
5.750000 2.000000 0

5.875000 1.000000 3.60605e-05
5.875000 2.000000 0

6.000000 1.000000 4.68691e-05
6.000000 2.000000 0

6.125000 1.000000 8.41675e-05
6.125000 2.000000 0

6.250000 1.000000 0.000244222
6.250000 2.000000 0

6.375000 1.000000 0.369748
6.375000 2.000000 0

6.500000 1.000000 0.998772
6.500000 2.000000 0

6.625000 1.000000 0.996869
6.625000 2.000000 0

6.750000 1.000000 0.978424
6.750000 2.000000 0

6.875000 1.000000 0.500286
6.875000 2.000000 0

7.000000 1.000000 0.819552
7.000000 2.000000 0

7.125000 1.000000 0.682437
7.125000 2.000000 0

7.250000 1.000000 0.759002
7.250000 2.000000 0

7.375000 1.000000 0.718189
7.375000 2.000000 0

7.500000 1.000000 0.738876
7.500000 2.000000 0

7.625000 1.000000 0.728777
7.625000 2.000000 0

7.750000 1.000000 0.733606
7.750000 2.000000 0

7.875000 1.000000 0.731314
7.875000 2.000000 0

8.000000 1.000000 0.732401
8.000000 2.000000 0

8.125000 1.000000 0.731883
8.125000 2.000000 0

8.250000 1.000000 0.732133
8.250000 2.000000 0

8.375000 1.000000 0.732007
8.375000 2.000000 0

8.500000 1.000000 0.73208
8.500000 2.000000 0

8.625000 1.000000 0.73202
8.625000 2.000000 0

8.750000 1.000000 0.732098
8.750000 2.000000 0

8.875000 1.000000 0.731963
8.875000 2.000000 0

9.000000 1.000000 0.732225
9.000000 2.000000 0

9.125000 1.000000 0.731696
9.125000 2.000000 0

9.250000 1.000000 0.732773
9.250000 2.000000 0

9.375000 1.000000 0.730507
9.375000 2.000000 0

9.500000 1.000000 0.735712
9.500000 2.000000 0

9.625000 1.000000 0.723242
9.625000 2.000000 0

9.750000 1.000000 0.750754
9.750000 2.000000 0

9.875000 1.000000 0.698818
9.875000 2.000000 0

10.000000 1.000000 0.698818
10.000000 2.000000 0

10.000000 1.000000 0.698818
10.000000 2.000000 0

