0.000000 -3.40589 -7.04388 
0.018750 -3.39784 -7.05946 
0.037500 -3.38974 -7.07508 
0.056250 -3.38159 -7.09073 
0.075000 -3.3734 -7.10641 
0.093750 -3.36517 -7.12213 
0.112500 -3.35689 -7.13789 
0.131250 -3.34856 -7.15368 
0.150000 -3.34019 -7.1695 
0.168750 -3.33177 -7.18536 
0.187500 -3.32331 -7.20125 
0.206250 -3.3148 -7.21718 
0.225000 -3.30625 -7.23314 
0.243750 -3.29764 -7.24914 
0.262500 -3.289 -7.26517 
0.281250 -3.2803 -7.28124 
0.300000 -3.27156 -7.29735 
0.318750 -3.26278 -7.31348 
0.337500 -3.25394 -7.32966 
0.356250 -3.24506 -7.34587 
0.375000 -3.2371 -6.86191 
0.393750 -3.22921 -6.87708 
0.412500 -3.22128 -6.89229 
0.431250 -3.21331 -6.90753 
0.450000 -3.20529 -6.9228 
0.468750 -3.19723 -6.9381 
0.487500 -3.18913 -6.95344 
0.506250 -3.18098 -6.96881 
0.525000 -3.17279 -6.98422 
0.543750 -3.16455 -6.99965 
0.562500 -3.15627 -7.01512 
0.581250 -3.14795 -7.03063 
0.600000 -3.13958 -7.04616 
0.618750 -3.13116 -7.06173 
0.637500 -3.1227 -7.07734 
0.656250 -3.1142 -7.09298 
0.675000 -3.10565 -7.10865 
0.693750 -3.09706 -7.12435 
0.712500 -3.08842 -7.14009 
0.731250 -3.07973 -7.15586 
0.750000 -3.07195 -6.67371 
0.768750 -3.06424 -6.68845 
0.787500 -3.05648 -6.70322 
0.806250 -3.04869 -6.71802 
0.825000 -3.04086 -6.73286 
0.843750 -3.03298 -6.74772 
0.862500 -3.02506 -6.76262 
0.881250 -3.0171 -6.77755 
0.900000 -3.00909 -6.79251 
0.918750 -3.00104 -6.8075 
0.937500 -2.99295 -6.82252 
0.956250 -2.98482 -6.83758 
0.975000 -2.97664 -6.85267 
0.993750 -2.96842 -6.86779 
1.012500 -2.96016 -6.88294 
1.031250 -2.95185 -6.89812 
1.050000 -2.9435 -6.91334 
1.068750 -2.93511 -6.92858 
1.087500 -2.92667 -6.94386 
1.106250 -2.91819 -6.95917 
1.125000 -2.91059 -6.48011 
1.143750 -2.90306 -6.4944 
1.162500 -2.8955 -6.50871 
1.181250 -2.88789 -6.52306 
1.200000 -2.88024 -6.53744 
1.218750 -2.87256 -6.55184 
1.237500 -2.86483 -6.56628 
1.256250 -2.85706 -6.58075 
1.275000 -2.84925 -6.59524 
1.293750 -2.84139 -6.60977 
1.312500 -2.8335 -6.62433 
1.331250 -2.82557 -6.63891 
1.350000 -2.81759 -6.65353 
1.368750 -2.80957 -6.66818 
1.387500 -2.80151 -6.68286 
1.406250 -2.79341 -6.69757 
1.425000 -2.78527 -6.71231 
1.443750 -2.77708 -6.72708 
1.462500 -2.76885 -6.74188 
1.481250 -2.76058 -6.75671 
1.500000 -2.75317 -6.28189 
1.518750 -2.74584 -6.29571 
1.537500 -2.73846 -6.30955 
1.556250 -2.73105 -6.32343 
1.575000 -2.7236 -6.33733 
1.593750 -2.71611 -6.35126 
1.612500 -2.70857 -6.36522 
1.631250 -2.701 -6.37921 
1.650000 -2.69339 -6.39323 
1.668750 -2.68574 -6.40727 
1.687500 -2.67805 -6.42135 
1.706250 -2.67032 -6.43545 
1.725000 -2.66255 -6.44958 
1.743750 -2.65474 -6.46374 
1.762500 -2.64689 -6.47793 
1.781250 -2.63901 -6.49215 
1.800000 -2.63107 -6.5064 
1.818750 -2.6231 -6.52068 
1.837500 -2.61509 -6.53499 
1.856250 -2.60704 -6.54932 
1.875000 -2.59983 -6.07978 
1.893750 -2.59269 -6.09312 
1.912500 -2.58551 -6.10648 
1.931250 -2.5783 -6.11987 
1.950000 -2.57104 -6.13328 
1.968750 -2.56375 -6.14672 
1.987500 -2.55643 -6.16019 
2.006250 -2.54906 -6.17369 
2.025000 -2.54166 -6.18721 
2.043750 -2.53421 -6.20076 
2.062500 -2.52673 -6.21434 
2.081250 -2.51922 -6.22795 
2.100000 -2.51166 -6.24158 
2.118750 -2.50406 -6.25525 
2.137500 -2.49643 -6.26893 
2.156250 -2.48876 -6.28265 
2.175000 -2.48105 -6.2964 
2.193750 -2.4733 -6.31017 
2.212500 -2.46551 -6.32397 
2.231250 -2.45768 -6.3378 
2.250000 -2.45067 -5.87447 
2.268750 -2.44373 -5.88731 
2.287500 -2.43675 -5.90018 
2.306250 -2.42974 -5.91307 
2.325000 -2.4227 -5.92599 
2.343750 -2.41561 -5.93893 
2.362500 -2.40849 -5.9519 
2.381250 -2.40134 -5.9649 
2.400000 -2.39415 -5.97792 
2.418750 -2.38692 -5.99096 
2.437500 -2.37965 -6.00404 
2.456250 -2.37235 -6.01714 
2.475000 -2.36501 -6.03026 
2.493750 -2.35764 -6.04342 
2.512500 -2.35022 -6.05659 
2.531250 -2.34277 -6.0698 
2.550000 -2.33529 -6.08303 
2.568750 -2.32776 -6.09629 
2.587500 -2.3202 -6.10957 
2.606250 -2.3126 -6.12288 
2.625000 -2.3058 -5.6666 
2.643750 -2.29906 -5.67894 
2.662500 -2.2923 -5.6913 
2.681250 -2.28549 -5.70369 
2.700000 -2.27866 -5.71611 
2.718750 -2.27179 -5.72854 
2.737500 -2.26488 -5.74101 
2.756250 -2.25794 -5.75349 
2.775000 -2.25096 -5.76601 
2.793750 -2.24395 -5.77854 
2.812500 -2.23691 -5.79111 
2.831250 -2.22983 -5.80369 
2.850000 -2.22271 -5.8163 
2.868750 -2.21556 -5.82894 
2.887500 -2.20837 -5.8416 
2.906250 -2.20115 -5.85429 
2.925000 -2.19389 -5.867 
2.943750 -2.1866 -5.87973 
2.962500 -2.17927 -5.89249 
2.981250 -2.1719 -5.90528 
3.000000 -2.16531 -5.45678 
3.018750 -2.15879 -5.46862 
3.037500 -2.15223 -5.48047 
3.056250 -2.14564 -5.49236 
3.075000 -2.13902 -5.50426 
3.093750 -2.13236 -5.51619 
3.112500 -2.12568 -5.52814 
3.131250 -2.11895 -5.54012 
3.150000 -2.1122 -5.55212 
3.168750 -2.10541 -5.56414 
3.187500 -2.09859 -5.57618 
3.206250 -2.09173 -5.58825 
3.225000 -2.08484 -5.60034 
3.243750 -2.07792 -5.61246 
3.262500 -2.07096 -5.6246 
3.281250 -2.06397 -5.63676 
3.300000 -2.05694 -5.64895 
3.318750 -2.04988 -5.66116 
3.337500 -2.04279 -5.67339 
3.356250 -2.03566 -5.68565 
3.375000 -2.02928 -5.2456 
3.393750 -2.02298 -5.25693 
3.412500 -2.01663 -5.26828 
3.431250 -2.01026 -5.27965 
3.450000 -2.00386 -5.29104 
3.468750 -1.99742 -5.30246 
3.487500 -1.99096 -5.3139 
3.506250 -1.98446 -5.32536 
3.525000 -1.97793 -5.33684 
3.543750 -1.97136 -5.34835 
3.562500 -1.96477 -5.35988 
3.581250 -1.95814 -5.37142 
3.600000 -1.95148 -5.383 
3.618750 -1.94479 -5.39459 
3.637500 -1.93806 -5.40621 
3.656250 -1.93131 -5.41784 
3.675000 -1.92452 -5.42951 
3.693750 -1.9177 -5.44119 
3.712500 -1.91084 -5.45289 
3.731250 -1.90395 -5.46462 
3.750000 -1.8978 -5.03361 
3.768750 -1.8917 -5.04443 
3.787500 -1.88558 -5.05527 
3.806250 -1.87943 -5.06613 
3.825000 -1.87324 -5.07702 
3.843750 -1.86703 -5.08792 
3.862500 -1.86079 -5.09885 
3.881250 -1.85452 -5.10979 
3.900000 -1.84821 -5.12076 
3.918750 -1.84188 -5.13175 
3.937500 -1.83551 -5.14276 
3.956250 -1.82912 -5.15379 
3.975000 -1.82269 -5.16484 
3.993750 -1.81623 -5.17591 
4.012500 -1.80974 -5.187 
4.031250 -1.80322 -5.19812 
4.050000 -1.79667 -5.20925 
4.068750 -1.79009 -5.22041 
4.087500 -1.78348 -5.23159 
4.106250 -1.77684 -5.24279 
4.125000 -1.7709 -4.82132 
4.143750 -1.76503 -4.83164 
4.162500 -1.75912 -4.84198 
4.181250 -1.75319 -4.85233 
4.200000 -1.74724 -4.8627 
4.218750 -1.74125 -4.8731 
4.237500 -1.73523 -4.88351 
4.256250 -1.72919 -4.89395 
4.275000 -1.72311 -4.9044 
4.293750 -1.71701 -4.91487 
4.312500 -1.71088 -4.92537 
4.331250 -1.70471 -4.93588 
4.350000 -1.69852 -4.94641 
4.368750 -1.6923 -4.95696 
4.387500 -1.68605 -4.96754 
4.406250 -1.67977 -4.97813 
4.425000 -1.67347 -4.98874 
4.443750 -1.66713 -4.99937 
4.462500 -1.66076 -5.01003 
4.481250 -1.65436 -5.0207 
4.500000 -1.64865 -4.60925 
4.518750 -1.643 -4.61907 
4.537500 -1.63732 -4.6289 
4.556250 -1.63161 -4.63875 
4.575000 -1.62588 -4.64862 
4.593750 -1.62012 -4.65851 
4.612500 -1.61433 -4.66841 
4.631250 -1.60852 -4.67834 
4.650000 -1.60267 -4.68828 
4.668750 -1.5968 -4.69824 
4.687500 -1.59091 -4.70822 
4.706250 -1.58498 -4.71822 
4.725000 -1.57903 -4.72824 
4.743750 -1.57304 -4.73828 
4.762500 -1.56703 -4.74833 
4.781250 -1.561 -4.75841 
4.800000 -1.55493 -4.7685 
4.818750 -1.54884 -4.77861 
4.837500 -1.54272 -4.78874 
4.856250 -1.53657 -4.79889 
4.875000 -1.53108 -4.39787 
4.893750 -1.52565 -4.40719 
4.912500 -1.5202 -4.41652 
4.931250 -1.51472 -4.42587 
4.950000 -1.50921 -4.43524 
4.968750 -1.50368 -4.44463 
4.987500 -1.49812 -4.45403 
5.006250 -1.49254 -4.46345 
5.025000 -1.48693 -4.47289 
5.043750 -1.48129 -4.48235 
5.062500 -1.47563 -4.49182 
5.081250 -1.46994 -4.50131 
5.100000 -1.46423 -4.51082 
5.118750 -1.45849 -4.52035 
5.137500 -1.45272 -4.52989 
5.156250 -1.44693 -4.53945 
5.175000 -1.44111 -4.54903 
5.193750 -1.43526 -4.55863 
5.212500 -1.42938 -4.56824 
5.231250 -1.42348 -4.57788 
5.250000 -1.41822 -4.18763 
5.268750 -1.41302 -4.19645 
5.287500 -1.40779 -4.20529 
5.306250 -1.40254 -4.21415 
5.325000 -1.39726 -4.22303 
5.343750 -1.39196 -4.23192 
5.362500 -1.38663 -4.24082 
5.381250 -1.38128 -4.24975 
5.400000 -1.37591 -4.25869 
5.418750 -1.37051 -4.26765 
5.437500 -1.36508 -4.27662 
5.456250 -1.35963 -4.28561 
5.475000 -1.35416 -4.29461 
5.493750 -1.34866 -4.30364 
5.512500 -1.34313 -4.31268 
5.531250 -1.33758 -4.32173 
5.550000 -1.33201 -4.3308 
5.568750 -1.32641 -4.33989 
5.587500 -1.32078 -4.349 
5.606250 -1.31513 -4.35812 
5.625000 -1.3101 -3.97896 
5.643750 -1.30512 -3.9873 
5.662500 -1.30012 -3.99566 
5.681250 -1.29509 -4.00403 
5.700000 -1.29005 -4.01242 
5.718750 -1.28498 -4.02082 
5.737500 -1.27988 -4.02924 
5.756250 -1.27477 -4.03767 
5.775000 -1.26962 -4.04612 
5.793750 -1.26446 -4.05459 
5.812500 -1.25927 -4.06307 
5.831250 -1.25406 -4.07156 
5.850000 -1.24883 -4.08007 
5.868750 -1.24357 -4.0886 
5.887500 -1.23829 -4.09714 
5.906250 -1.23298 -4.1057 
5.925000 -1.22765 -4.11427 
5.943750 -1.2223 -4.12286 
5.962500 -1.21692 -4.13147 
5.981250 -1.21152 -4.14009 
6.000000 -1.20671 -3.77227 
6.018750 -1.20196 -3.78014 
6.037500 -1.19719 -3.78802 
6.056250 -1.19239 -3.79592 
6.075000 -1.18757 -3.80383 
6.093750 -1.18274 -3.81175 
6.112500 -1.17787 -3.81969 
6.131250 -1.17299 -3.82764 
6.150000 -1.16809 -3.83561 
6.168750 -1.16316 -3.84359 
6.187500 -1.15821 -3.85159 
6.206250 -1.15324 -3.8596 
6.225000 -1.14824 -3.86762 
6.243750 -1.14323 -3.87566 
6.262500 -1.13819 -3.88372 
6.281250 -1.13313 -3.89179 
6.300000 -1.12804 -3.89987 
6.318750 -1.12294 -3.90797 
6.337500 -1.11781 -3.91608 
6.356250 -1.11266 -3.92421 
6.375000 -1.10808 -3.56797 
6.393750 -1.10355 -3.57537 
6.412500 -1.099 -3.58278 
6.431250 -1.09444 -3.59021 
6.450000 -1.08985 -3.59765 
6.468750 -1.08524 -3.60511 
6.487500 -1.08061 -3.61258 
6.506250 -1.07596 -3.62006 
6.525000 -1.07129 -3.62755 
6.543750 -1.0666 -3.63506 
6.562500 -1.06189 -3.64258 
6.581250 -1.05715 -3.65012 
6.600000 -1.0524 -3.65767 
6.618750 -1.04762 -3.66523 
6.637500 -1.04283 -3.67281 
6.656250 -1.03801 -3.6804 
6.675000 -1.03317 -3.688 
6.693750 -1.02831 -3.69562 
6.712500 -1.02343 -3.70325 
6.731250 -1.01853 -3.7109 
6.750000 -1.01417 -3.36642 
6.768750 -1.00987 -3.37337 
6.787500 -1.00555 -3.38033 
6.806250 -1.00121 -3.3873 
6.825000 -0.996855 -3.39428 
6.843750 -0.992477 -3.40128 
6.862500 -0.98808 -3.40829 
6.881250 -0.983663 -3.41531 
6.900000 -0.979226 -3.42234 
6.918750 -0.97477 -3.42939 
6.937500 -0.970294 -3.43644 
6.956250 -0.965799 -3.44352 
6.975000 -0.961284 -3.4506 
6.993750 -0.956749 -3.4577 
7.012500 -0.952194 -3.46481 
7.031250 -0.94762 -3.47193 
7.050000 -0.943025 -3.47906 
7.068750 -0.938411 -3.48621 
7.087500 -0.933776 -3.49337 
7.106250 -0.929122 -3.50054 
7.125000 -0.924995 -3.168 
7.143750 -0.920918 -3.1745 
7.162500 -0.916823 -3.18101 
7.181250 -0.912711 -3.18754 
7.200000 -0.90858 -3.19407 
7.218750 -0.904431 -3.20062 
7.237500 -0.900263 -3.20718 
7.256250 -0.896078 -3.21375 
7.275000 -0.891874 -3.22033 
7.293750 -0.887652 -3.22693 
7.312500 -0.883412 -3.23353 
7.331250 -0.879153 -3.24015 
7.350000 -0.874875 -3.24678 
7.368750 -0.870579 -3.25342 
7.387500 -0.866265 -3.26008 
7.406250 -0.861932 -3.26674 
7.425000 -0.85758 -3.27342 
7.443750 -0.85321 -3.28011 
7.462500 -0.84882 -3.28681 
7.481250 -0.844412 -3.29352 
7.500000 -0.84051 -2.97303 
7.518750 -0.836656 -2.9791 
7.537500 -0.832785 -2.98518 
7.556250 -0.828898 -2.99127 
7.575000 -0.824993 -2.99737 
7.593750 -0.821072 -3.00349 
7.612500 -0.817134 -3.00961 
7.631250 -0.813178 -3.01574 
7.650000 -0.809205 -3.02189 
7.668750 -0.805216 -3.02804 
7.687500 -0.801209 -3.03421 
7.706250 -0.797185 -3.04039 
7.725000 -0.793143 -3.04657 
7.743750 -0.789085 -3.05277 
7.762500 -0.785008 -3.05898 
7.781250 -0.780915 -3.0652 
7.800000 -0.776804 -3.07143 
7.818750 -0.772676 -3.07768 
7.837500 -0.76853 -3.08393 
7.856250 -0.764366 -3.0902 
7.875000 -0.760686 -2.78187 
7.893750 -0.757054 -2.78752 
7.912500 -0.753405 -2.79318 
7.931250 -0.749741 -2.79884 
7.950000 -0.746061 -2.80452 
7.968750 -0.742365 -2.81021 
7.987500 -0.738654 -2.81591 
8.006250 -0.734926 -2.82162 
8.025000 -0.731183 -2.82733 
8.043750 -0.727423 -2.83306 
8.062500 -0.723648 -2.8388 
8.081250 -0.719856 -2.84455 
8.100000 -0.716049 -2.85031 
8.118750 -0.712225 -2.85608 
8.137500 -0.708385 -2.86186 
8.156250 -0.704529 -2.86765 
8.175000 -0.700656 -2.87344 
8.193750 -0.696768 -2.87925 
8.212500 -0.692863 -2.88507 
8.231250 -0.688941 -2.8909 
8.250000 -0.685482 -2.59482 
8.268750 -0.682068 -2.60006 
8.287500 -0.67864 -2.60531 
8.306250 -0.675197 -2.61057 
8.325000 -0.671739 -2.61583 
8.343750 -0.668266 -2.62111 
8.362500 -0.664779 -2.6264 
8.381250 -0.661277 -2.63169 
8.400000 -0.65776 -2.637 
8.418750 -0.654229 -2.64231 
8.437500 -0.650682 -2.64764 
8.456250 -0.64712 -2.65297 
8.475000 -0.643544 -2.65831 
8.493750 -0.639953 -2.66367 
8.512500 -0.636346 -2.66903 
8.531250 -0.632724 -2.6744 
8.550000 -0.629088 -2.67978 
8.568750 -0.625436 -2.68517 
8.587500 -0.621769 -2.69057 
8.606250 -0.618087 -2.69597 
8.625000 -0.614845 -2.41218 
8.643750 -0.611648 -2.41703 
8.662500 -0.608436 -2.42188 
8.681250 -0.605212 -2.42675 
8.700000 -0.601973 -2.43162 
8.718750 -0.598721 -2.4365 
8.737500 -0.595456 -2.44139 
8.756250 -0.592176 -2.44628 
8.775000 -0.588883 -2.45119 
8.793750 -0.585576 -2.4561 
8.812500 -0.582256 -2.46103 
8.831250 -0.578921 -2.46596 
8.850000 -0.575573 -2.4709 
8.868750 -0.572211 -2.47585 
8.887500 -0.568835 -2.4808 
8.906250 -0.565444 -2.48577 
8.925000 -0.56204 -2.49074 
8.943750 -0.558622 -2.49573 
8.962500 -0.55519 -2.50072 
8.981250 -0.551743 -2.50572 
9.000000 -0.548717 -2.23426 
9.018750 -0.545732 -2.23873 
9.037500 -0.542735 -2.2432 
9.056250 -0.539726 -2.24768 
9.075000 -0.536704 -2.25217 
9.093750 -0.533669 -2.25667 
9.112500 -0.530622 -2.26117 
9.131250 -0.527562 -2.26568 
9.150000 -0.524489 -2.2702 
9.168750 -0.521404 -2.27473 
9.187500 -0.518305 -2.27927 
9.206250 -0.515195 -2.28381 
9.225000 -0.512071 -2.28836 
9.243750 -0.508934 -2.29292 
9.262500 -0.505785 -2.29749 
9.281250 -0.502623 -2.30206 
9.300000 -0.499447 -2.30665 
9.318750 -0.496259 -2.31124 
9.337500 -0.493058 -2.31584 
9.356250 -0.489844 -2.32044 
9.375000 -0.487029 -2.06134 
9.393750 -0.484254 -2.06544 
9.412500 -0.481467 -2.06954 
9.431250 -0.478669 -2.07365 
9.450000 -0.47586 -2.07777 
9.468750 -0.473039 -2.0819 
9.487500 -0.470206 -2.08604 
9.506250 -0.467362 -2.09018 
9.525000 -0.464506 -2.09432 
9.543750 -0.461638 -2.09848 
9.562500 -0.458758 -2.10264 
9.581250 -0.455867 -2.10681 
9.600000 -0.452964 -2.11099 
9.618750 -0.45005 -2.11517 
9.637500 -0.447123 -2.11937 
9.656250 -0.444184 -2.12356 
9.675000 -0.441234 -2.12777 
9.693750 -0.438272 -2.13198 
9.712500 -0.435297 -2.1362 
9.731250 -0.432311 -2.14043 
9.750000 -0.429704 -1.89368 
9.768750 -0.427134 -1.89743 
9.787500 -0.424555 -1.90118 
9.806250 -0.421964 -1.90494 
9.825000 -0.419363 -1.9087 
9.843750 -0.416752 -1.91247 
9.862500 -0.414129 -1.91625 
9.881250 -0.411497 -1.92004 
9.900000 -0.408853 -1.92383 
9.918750 -0.406199 -1.92763 
9.937500 -0.403534 -1.93143 
9.956250 -0.400858 -1.93524 
9.975000 -0.398171 -1.93906 
9.993750 -0.395474 -1.94288 
10.012500 -0.392766 -1.94671 
10.031250 -0.390047 -1.95055 
10.050000 -0.387317 -1.9544 
10.068750 -0.384576 -1.95825 
10.087500 -0.381824 -1.9621 
10.106250 -0.379061 -1.96597 
10.125000 -0.376656 -1.73155 
10.143750 -0.374288 -1.73496 
10.162500 -0.371911 -1.73838 
10.181250 -0.369524 -1.74179 
10.200000 -0.367127 -1.74522 
10.218750 -0.36472 -1.74865 
10.237500 -0.362304 -1.75209 
10.256250 -0.359878 -1.75553 
10.275000 -0.357442 -1.75898 
10.293750 -0.354997 -1.76244 
10.312500 -0.352541 -1.7659 
10.331250 -0.350076 -1.76936 
10.350000 -0.347601 -1.77284 
10.368750 -0.345117 -1.77632 
10.387500 -0.342622 -1.7798 
10.406250 -0.340117 -1.78329 
10.425000 -0.337603 -1.78679 
10.443750 -0.335078 -1.79029 
10.462500 -0.332543 -1.7938 
10.481250 -0.329999 -1.79731 
10.500000 -0.327793 -1.57521 
10.518750 -0.325621 -1.5783 
10.537500 -0.323441 -1.58139 
10.556250 -0.321252 -1.58448 
10.575000 -0.319054 -1.58758 
10.593750 -0.316848 -1.59069 
10.612500 -0.314633 -1.5938 
10.631250 -0.312409 -1.59692 
10.650000 -0.310176 -1.60004 
10.668750 -0.307934 -1.60317 
10.687500 -0.305683 -1.6063 
10.706250 -0.303423 -1.60944 
10.725000 -0.301155 -1.61258 
10.743750 -0.298877 -1.61573 
10.762500 -0.296591 -1.61888 
10.781250 -0.294295 -1.62204 
10.800000 -0.291991 -1.62521 
10.818750 -0.289677 -1.62838 
10.837500 -0.287354 -1.63155 
10.856250 -0.285023 -1.63473 
10.875000 -0.283009 -1.4249 
10.893750 -0.281029 -1.42768 
10.912500 -0.279041 -1.43046 
10.931250 -0.277045 -1.43325 
10.950000 -0.275041 -1.43604 
10.968750 -0.27303 -1.43883 
10.987500 -0.27101 -1.44163 
11.006250 -0.268982 -1.44444 
11.025000 -0.266947 -1.44725 
11.043750 -0.264903 -1.45006 
11.062500 -0.262851 -1.45288 
11.081250 -0.260791 -1.45571 
11.100000 -0.258723 -1.45854 
11.118750 -0.256648 -1.46137 
11.137500 -0.254563 -1.46421 
11.156250 -0.252471 -1.46705 
11.175000 -0.250371 -1.4699 
11.193750 -0.248262 -1.47276 
11.212500 -0.246146 -1.47562 
11.231250 -0.244021 -1.47848 
11.250000 -0.242195 -1.28086 
11.268750 -0.2404 -1.28335 
11.287500 -0.238599 -1.28584 
11.306250 -0.23679 -1.28833 
11.325000 -0.234974 -1.29083 
11.343750 -0.233151 -1.29333 
11.362500 -0.231321 -1.29583 
11.381250 -0.229484 -1.29834 
11.400000 -0.22764 -1.30086 
11.418750 -0.225788 -1.30337 
11.437500 -0.223929 -1.3059 
11.456250 -0.222063 -1.30842 
11.475000 -0.22019 -1.31095 
11.493750 -0.218309 -1.31349 
11.512500 -0.216422 -1.31603 
11.531250 -0.214526 -1.31857 
11.550000 -0.212624 -1.32112 
11.568750 -0.210714 -1.32367 
11.587500 -0.208797 -1.32623 
11.606250 -0.206873 -1.32879 
11.625000 -0.205228 -1.14333 
11.643750 -0.203613 -1.14554 
11.662500 -0.201991 -1.14775 
11.681250 -0.200364 -1.14996 
11.700000 -0.19873 -1.15218 
11.718750 -0.197089 -1.1544 
11.737500 -0.195442 -1.15663 
11.756250 -0.193789 -1.15886 
11.775000 -0.19213 -1.16109 
11.793750 -0.190464 -1.16333 
11.812500 -0.188791 -1.16557 
11.831250 -0.187113 -1.16781 
11.850000 -0.185427 -1.17006 
11.868750 -0.183736 -1.17231 
11.887500 -0.182037 -1.17457 
11.906250 -0.180333 -1.17683 
11.925000 -0.178621 -1.17909 
11.943750 -0.176904 -1.18136 
11.962500 -0.175179 -1.18363 
11.981250 -0.173448 -1.1859 
12.000000 -0.171978 -1.01253 
12.018750 -0.170536 -1.01447 
12.037500 -0.169088 -1.01642 
12.056250 -0.167635 -1.01837 
12.075000 -0.166176 -1.02033 
12.093750 -0.164711 -1.02229 
12.112500 -0.163241 -1.02425 
12.131250 -0.161765 -1.02621 
12.150000 -0.160283 -1.02818 
12.168750 -0.158796 -1.03015 
12.187500 -0.157303 -1.03213 
12.206250 -0.155804 -1.03411 
12.225000 -0.1543 -1.03609 
12.243750 -0.15279 -1.03807 
12.262500 -0.151274 -1.04006 
12.281250 -0.149753 -1.04205 
12.300000 -0.148225 -1.04405 
12.318750 -0.146692 -1.04605 
12.337500 -0.145153 -1.04805 
12.356250 -0.143609 -1.05005 
12.375000 -0.142306 -0.888681 
12.393750 -0.14103 -0.890381 
12.412500 -0.139748 -0.892083 
12.431250 -0.138462 -0.893788 
12.450000 -0.137171 -0.895496 
12.468750 -0.135874 -0.897207 
12.487500 -0.134573 -0.898921 
12.506250 -0.133267 -0.900638 
12.525000 -0.131956 -0.902357 
12.543750 -0.13064 -0.90408 
12.562500 -0.129319 -0.905805 
12.581250 -0.127993 -0.907533 
12.600000 -0.126662 -0.909265 
12.618750 -0.125326 -0.910999 
12.637500 -0.123985 -0.912736 
12.656250 -0.122639 -0.914476 
12.675000 -0.121288 -0.916218 
12.693750 -0.119932 -0.917964 
12.712500 -0.118571 -0.919713 
12.731250 -0.117205 -0.921465 
12.750000 -0.116062 -0.772005 
12.768750 -0.114943 -0.773475 
12.787500 -0.113821 -0.774947 
12.806250 -0.112694 -0.776422 
12.825000 -0.111563 -0.777899 
12.843750 -0.110427 -0.779378 
12.862500 -0.109288 -0.78086 
12.881250 -0.108144 -0.782345 
12.900000 -0.106995 -0.783832 
12.918750 -0.105843 -0.785321 
12.937500 -0.104686 -0.786814 
12.956250 -0.103525 -0.788308 
12.975000 -0.102359 -0.789805 
12.993750 -0.101189 -0.791305 
13.012500 -0.100015 -0.792807 
13.031250 -0.098836 -0.794311 
13.050000 -0.0976529 -0.795818 
13.068750 -0.0964654 -0.797328 
13.087500 -0.0952735 -0.79884 
13.106250 -0.0940772 -0.800355 
13.125000 -0.0930863 -0.662715 
13.143750 -0.092118 -0.663971 
13.162500 -0.091146 -0.665229 
13.181250 -0.0901704 -0.666489 
13.200000 -0.0891911 -0.667751 
13.218750 -0.0882082 -0.669016 
13.237500 -0.0872216 -0.670282 
13.256250 -0.0862313 -0.671551 
13.275000 -0.0852373 -0.672822 
13.293750 -0.0842397 -0.674095 
13.312500 -0.0832383 -0.67537 
13.331250 -0.0822332 -0.676647 
13.350000 -0.0812243 -0.677927 
13.368750 -0.0802118 -0.679208 
13.387500 -0.0791955 -0.680492 
13.406250 -0.0781754 -0.681777 
13.425000 -0.0771516 -0.683065 
13.443750 -0.076124 -0.684356 
13.462500 -0.0750926 -0.685648 
13.481250 -0.0740574 -0.686942 
13.500000 -0.0732097 -0.56102 
13.518750 -0.0723829 -0.562079 
13.537500 -0.0715529 -0.563139 
13.556250 -0.0707199 -0.564201 
13.575000 -0.0698838 -0.565265 
13.593750 -0.0690446 -0.566331 
13.612500 -0.0682022 -0.567399 
13.631250 -0.0673568 -0.568468 
13.650000 -0.0665082 -0.569539 
13.668750 -0.0656565 -0.570612 
13.687500 -0.0648017 -0.571687 
13.706250 -0.0639437 -0.572763 
13.725000 -0.0630826 -0.573841 
13.743750 -0.0622183 -0.574921 
13.762500 -0.0613508 -0.576003 
13.781250 -0.0604802 -0.577087 
13.800000 -0.0596064 -0.578172 
13.818750 -0.0587293 -0.57926 
13.837500 -0.0578491 -0.580349 
13.856250 -0.0569657 -0.58144 
13.875000 -0.0562521 -0.467129 
13.893750 -0.0555576 -0.468007 
13.912500 -0.0548605 -0.468886 
13.931250 -0.0541608 -0.469767 
13.950000 -0.0534586 -0.470649 
13.968750 -0.0527538 -0.471532 
13.987500 -0.0520464 -0.472417 
14.006250 -0.0513364 -0.473304 
14.025000 -0.0506238 -0.474192 
14.043750 -0.0499086 -0.475081 
14.062500 -0.0491907 -0.475972 
14.081250 -0.0484703 -0.476865 
14.100000 -0.0477472 -0.477759 
14.118750 -0.0470215 -0.478654 
14.137500 -0.0462932 -0.479551 
14.156250 -0.0455622 -0.48045 
14.175000 -0.0448286 -0.481349 
14.193750 -0.0440923 -0.482251 
14.212500 -0.0433533 -0.483154 
14.231250 -0.0426117 -0.484058 
14.250000 -0.0420226 -0.381247 
14.268750 -0.0414507 -0.38196 
14.287500 -0.0408767 -0.382675 
14.306250 -0.0403006 -0.383391 
14.325000 -0.0397224 -0.384108 
14.343750 -0.0391421 -0.384826 
14.362500 -0.0385597 -0.385545 
14.381250 -0.0379752 -0.386266 
14.400000 -0.0373886 -0.386987 
14.418750 -0.0367998 -0.38771 
14.437500 -0.0362089 -0.388434 
14.456250 -0.0356159 -0.38916 
14.475000 -0.0350207 -0.389886 
14.493750 -0.0344234 -0.390614 
14.512500 -0.0338239 -0.391343 
14.531250 -0.0332223 -0.392073 
14.550000 -0.0326185 -0.392804 
14.568750 -0.0320125 -0.393537 
14.587500 -0.0314044 -0.394271 
14.606250 -0.030794 -0.395006 
14.625000 -0.030319 -0.303578 
14.643750 -0.0298595 -0.304144 
14.662500 -0.0293984 -0.304711 
14.681250 -0.0289355 -0.305278 
14.700000 -0.028471 -0.305847 
14.718750 -0.0280048 -0.306416 
14.737500 -0.027537 -0.306987 
14.756250 -0.0270674 -0.307558 
14.775000 -0.0265961 -0.30813 
14.793750 -0.0261232 -0.308704 
14.812500 -0.0256486 -0.309278 
14.831250 -0.0251722 -0.309853 
14.850000 -0.0246942 -0.310429 
14.868750 -0.0242144 -0.311006 
14.887500 -0.0237329 -0.311584 
14.906250 -0.0232497 -0.312163 
14.925000 -0.0227648 -0.312743 
14.943750 -0.0222782 -0.313324 
14.962500 -0.0217898 -0.313906 
14.981250 -0.0212997 -0.314489 
15.000000 -0.020928 -0.234326 
15.018750 -0.02057 -0.234761 
15.037500 -0.0202108 -0.235196 
15.056250 -0.0198503 -0.235633 
15.075000 -0.0194884 -0.23607 
15.093750 -0.0191253 -0.236507 
15.112500 -0.0187609 -0.236946 
15.131250 -0.0183952 -0.237385 
15.150000 -0.0180281 -0.237825 
15.168750 -0.0176598 -0.238266 
15.187500 -0.0172901 -0.238707 
15.206250 -0.0169192 -0.239149 
15.225000 -0.0165469 -0.239592 
15.243750 -0.0161733 -0.240036 
15.262500 -0.0157984 -0.24048 
15.281250 -0.0154221 -0.240925 
15.300000 -0.0150445 -0.241371 
15.318750 -0.0146656 -0.241818 
15.337500 -0.0142853 -0.242265 
15.356250 -0.0139038 -0.242713 
15.375000 -0.013624 -0.173691 
15.393750 -0.0133561 -0.174013 
15.412500 -0.0130873 -0.174334 
15.431250 -0.0128175 -0.174656 
15.450000 -0.0125468 -0.174979 
15.468750 -0.0122751 -0.175302 
15.487500 -0.0120024 -0.175626 
15.506250 -0.0117288 -0.17595 
15.525000 -0.0114542 -0.176275 
15.543750 -0.0111786 -0.1766 
15.562500 -0.0109021 -0.176926 
15.581250 -0.0106246 -0.177253 
15.600000 -0.0103461 -0.17758 
15.618750 -0.0100666 -0.177907 
15.637500 -0.00978615 -0.178235 
15.656250 -0.00950471 -0.178564 
15.675000 -0.00922229 -0.178893 
15.693750 -0.00893887 -0.179223 
15.712500 -0.00865447 -0.179553 
15.731250 -0.00836907 -0.179884 
15.750000 -0.0081691 -0.121878 
15.768750 -0.00797924 -0.122102 
15.787500 -0.00778872 -0.122327 
15.806250 -0.00759752 -0.122552 
15.825000 -0.00740565 -0.122778 
15.843750 -0.00721311 -0.123004 
15.862500 -0.00701989 -0.12323 
15.881250 -0.00682599 -0.123457 
15.900000 -0.00663141 -0.123684 
15.918750 -0.00643615 -0.123911 
15.937500 -0.0062402 -0.124139 
15.956250 -0.00604357 -0.124367 
15.975000 -0.00584626 -0.124596 
15.993750 -0.00564825 -0.124825 
16.012500 -0.00544956 -0.125054 
16.031250 -0.00525017 -0.125284 
16.050000 -0.00505009 -0.125514 
16.068750 -0.00484932 -0.125744 
16.087500 -0.00464785 -0.125975 
16.106250 -0.00444568 -0.126206 
16.125000 -0.0043128 -0.0790878 
16.143750 -0.00418823 -0.0792328 
16.162500 -0.00406322 -0.0793782 
16.181250 -0.00393777 -0.0795237 
16.200000 -0.00381189 -0.0796696 
16.218750 -0.00368557 -0.0798156 
16.237500 -0.0035588 -0.0799619 
16.256250 -0.0034316 -0.0801084 
16.275000 -0.00330395 -0.0802552 
16.293750 -0.00317586 -0.0804022 
16.312500 -0.00304733 -0.0805495 
16.331250 -0.00291835 -0.080697 
16.350000 -0.00278893 -0.0808447 
16.368750 -0.00265906 -0.0809927 
16.387500 -0.00252874 -0.0811409 
16.406250 -0.00239797 -0.0812894 
16.425000 -0.00226675 -0.0814381 
16.443750 -0.00213507 -0.081587 
16.462500 -0.00200295 -0.0817362 
16.481250 -0.00187037 -0.0818857 
16.500000 -0.00179119 -0.0455247 
16.518750 -0.00171849 -0.0456079 
16.537500 -0.00164553 -0.0456913 
16.556250 -0.00157232 -0.0457747 
16.575000 -0.00149886 -0.0458584 
16.593750 -0.00142515 -0.0459421 
16.612500 -0.00135118 -0.046026 
16.631250 -0.00127696 -0.04611 
16.650000 -0.00120248 -0.0461942 
16.668750 -0.00112774 -0.0462785 
16.687500 -0.00105275 -0.046363 
16.706250 -0.000977503 -0.0464475 
16.725000 -0.000901997 -0.0465323 
16.743750 -0.000826233 -0.0466171 
16.762500 -0.00075021 -0.0467021 
16.781250 -0.000673928 -0.0467873 
16.800000 -0.000597385 -0.0468726 
16.818750 -0.000520582 -0.046958 
16.837500 -0.000443517 -0.0470435 
16.856250 -0.00036619 -0.0471292 
16.875000 -0.000326602 -0.0213938 
16.893750 -0.000291611 -0.0214327 
16.912500 -0.000256471 -0.0214718 
16.931250 -0.000221184 -0.0215109 
16.950000 -0.000185747 -0.02155 
16.968750 -0.000150161 -0.0215892 
16.987500 -0.000114424 -0.0216285 
17.006250 -7.85368e-05 -0.0216679 
17.025000 -4.24983e-05 -0.0217073 
17.043750 -6.30807e-06 -0.0217468 
17.062500 3.00346e-05 -0.0217863 
17.081250 6.65301e-05 -0.0218259 
17.100000 0.000103179 -0.0218656 
17.118750 0.000139982 -0.0219053 
17.137500 0.00017694 -0.0219451 
17.156250 0.000214053 -0.021985 
17.175000 0.000251321 -0.0220249 
17.193750 0.000288746 -0.0220649 
17.212500 0.000326328 -0.022105 
17.231250 0.000364067 -0.0221452 
17.250000 0.000377719 -0.00595575 
17.268750 0.00038839 -0.00596656 
17.287500 0.000399106 -0.00597739 
17.306250 0.000409867 -0.00598824 
17.325000 0.000420672 -0.0059991 
17.343750 0.000431522 -0.00600999 
17.362500 0.000442418 -0.00602089 
17.381250 0.000453359 -0.00603181 
17.400000 0.000464345 -0.00604275 
17.418750 0.000475377 -0.00605371 
17.437500 0.000486455 -0.00606468 
17.456250 0.000497579 -0.00607568 
17.475000 0.00050875 -0.00608669 
17.493750 0.000519966 -0.00609772 
17.512500 0.000531229 -0.00610877 
17.531250 0.000542539 -0.00611984 
17.550000 0.000553896 -0.00613093 
17.568750 0.0005653 -0.00614204 
17.587500 0.000576751 -0.00615316 
17.606250 0.00058825 -0.00616431 
17.625000 0.000586619 0.00250884 
17.643750 0.000583329 0.00251338 
17.662500 0.000580022 0.00251793 
17.681250 0.0005767 0.00252249 
17.700000 0.000573361 0.00252706 
17.718750 0.000570006 0.00253163 
17.737500 0.000566635 0.00253621 
17.756250 0.000563248 0.0025408 
17.775000 0.000559845 0.0025454 
17.793750 0.000556425 0.00255001 
17.812500 0.000552988 0.00255462 
17.831250 0.000549535 0.00255924 
17.850000 0.000546065 0.00256387 
17.868750 0.000542579 0.00256851 
17.887500 0.000539076 0.00257315 
17.906250 0.000535556 0.00257781 
17.925000 0.00053202 0.00258247 
17.943750 0.000528466 0.00258714 
17.962500 0.000524895 0.00259182 
17.981250 0.000521308 0.0025965 
18.000000 0.000512847 0.00575246 
18.018750 0.000503739 0.00576285 
18.037500 0.000494591 0.00577327 
18.056250 0.000485401 0.0057837 
18.075000 0.00047617 0.00579416 
18.093750 0.000466898 0.00580463 
18.112500 0.000457584 0.00581511 
18.131250 0.000448229 0.00582562 
18.150000 0.000438831 0.00583615 
18.168750 0.000429392 0.00584669 
18.187500 0.00041991 0.00585725 
18.206250 0.000410386 0.00586783 
18.225000 0.000400819 0.00587843 
18.243750 0.000391209 0.00588905 
18.262500 0.000381557 0.00589968 
18.281250 0.000371861 0.00591034 
18.300000 0.000362123 0.00592101 
18.318750 0.00035234 0.0059317 
18.337500 0.000342515 0.00594241 
18.356250 0.000332645 0.00595314 
18.375000 0.000323474 0.00548978 
18.393750 0.000314355 0.0054997 
18.412500 0.000305195 0.00550962 
18.431250 0.000295994 0.00551957 
18.450000 0.000286752 0.00552953 
18.468750 0.00027747 0.00553952 
18.487500 0.000268146 0.00554952 
18.506250 0.00025878 0.00555953 
18.525000 0.000249373 0.00556957 
18.543750 0.000239925 0.00557962 
18.562500 0.000230434 0.00558969 
18.581250 0.000220901 0.00559978 
18.600000 0.000211326 0.00560989 
18.618750 0.000201709 0.00562001 
18.637500 0.000192049 0.00563015 
18.656250 0.000182347 0.00564031 
18.675000 0.000172601 0.00565049 
18.693750 0.000162813 0.00566069 
18.712500 0.000152981 0.0056709 
18.731250 0.000143106 0.00568114 
18.750000 0.000136831 0.00339862 
18.768750 0.000130984 0.00340475 
18.787500 0.000125112 0.0034109 
18.806250 0.000119213 0.00341705 
18.825000 0.000113289 0.00342322 
18.843750 0.000107338 0.00342939 
18.862500 0.00010136 0.00343558 
18.881250 9.53568e-05 0.00344178 
18.900000 8.93265e-05 0.00344799 
18.918750 8.32695e-05 0.00345421 
18.937500 7.71858e-05 0.00346044 
18.956250 7.10752e-05 0.00346669 
18.975000 6.49376e-05 0.00347294 
18.993750 5.87729e-05 0.00347921 
19.012500 5.2581e-05 0.00348549 
19.031250 4.63619e-05 0.00349178 
19.050000 4.01153e-05 0.00349808 
19.068750 3.38412e-05 0.00350439 
19.087500 2.75394e-05 0.00351071 
19.106250 2.121e-05 0.00351705 
19.125000 1.87295e-05 0.00112095 
19.143750 1.67246e-05 0.00112297 
19.162500 1.47116e-05 0.001125 
19.181250 1.26906e-05 0.00112703 
19.200000 1.06614e-05 0.00112906 
19.218750 8.6241e-06 0.0011311 
19.237500 6.57861e-06 0.00113314 
19.256250 4.52491e-06 0.00113518 
19.275000 2.46299e-06 0.00113723 
19.293750 3.92808e-07 0.00113928 
19.312500 -1.68565e-06 0.00114134 
19.331250 -3.77242e-06 0.0011434 
19.350000 -5.86752e-06 0.00114546 
19.368750 -7.97099e-06 0.00114753 
19.387500 -1.00828e-05 0.0011496 
19.406250 -1.22031e-05 0.00115168 
19.425000 -1.43318e-05 0.00115376 
19.443750 -1.6469e-05 0.00115584 
19.462500 -1.86147e-05 0.00115792 
19.481250 -2.07689e-05 0.00116002 
19.500000 -2.0802e-05 -0.000148369 
19.518750 -2.05684e-05 -0.000148636 
19.537500 -2.0334e-05 -0.000148905 
19.556250 -2.00988e-05 -0.000149173 
19.575000 -1.98627e-05 -0.000149443 
19.593750 -1.96257e-05 -0.000149713 
19.612500 -1.93879e-05 -0.000149983 
19.631250 -1.91493e-05 -0.000150254 
19.650000 -1.89098e-05 -0.000150525 
19.668750 -1.86694e-05 -0.000150797 
19.687500 -1.84281e-05 -0.000151069 
19.706250 -1.8186e-05 -0.000151342 
19.725000 -1.79431e-05 -0.000151615 
19.743750 -1.76992e-05 -0.000151889 
19.762500 -1.74545e-05 -0.000152163 
19.781250 -1.7209e-05 -0.000152438 
19.800000 -1.69625e-05 -0.000152713 
19.818750 -1.67152e-05 -0.000152989 
19.837500 -1.6467e-05 -0.000153265 
19.856250 -1.62179e-05 -0.000153542 
19.875000 -1.56505e-05 -0.000350334 
19.893750 -1.50415e-05 -0.000350966 
19.912500 -1.44304e-05 -0.0003516 
19.931250 -1.38172e-05 -0.000352235 
19.950000 -1.32019e-05 -0.000352871 
19.968750 -1.25846e-05 -0.000353508 
19.987500 -1.19651e-05 -0.000354147 
20.006250 -1.13435e-05 -0.000354786 
20.025000 -1.07198e-05 -0.000355427 
20.043750 -1.0094e-05 -0.000356069 
20.062500 -9.46608e-06 -0.000356712 
20.081250 -8.83603e-06 -0.000357356 
20.100000 -8.20384e-06 -0.000358001 
20.118750 -7.56952e-06 -0.000358648 
20.137500 -6.93306e-06 -0.000359296 
20.156250 -6.29446e-06 -0.000359945 
20.175000 -5.6537e-06 -0.000360595 
20.193750 -5.01078e-06 -0.000361246 
20.212500 -4.36571e-06 -0.000361898 
20.231250 -3.71846e-06 -0.000362552 
20.250000 -3.48123e-06 -0.000106515 
20.268750 -3.2948e-06 -0.000106707 
20.287500 -3.10774e-06 -0.0001069 
20.306250 -2.92005e-06 -0.000107093 
20.325000 -2.73172e-06 -0.000107286 
20.343750 -2.54274e-06 -0.00010748 
20.362500 -2.35313e-06 -0.000107674 
20.381250 -2.16287e-06 -0.000107869 
20.400000 -1.97196e-06 -0.000108064 
20.418750 -1.78041e-06 -0.000108259 
20.437500 -1.58822e-06 -0.000108454 
20.456250 -1.39537e-06 -0.00010865 
20.475000 -1.20187e-06 -0.000108846 
20.493750 -1.00772e-06 -0.000109043 
20.512500 -8.12914e-07 -0.00010924 
20.531250 -6.17453e-07 -0.000109437 
20.550000 -4.21334e-07 -0.000109635 
20.568750 -2.24557e-07 -0.000109833 
20.587500 -2.71191e-08 -0.000110031 
20.606250 1.70981e-07 -0.00011023 
20.625000 1.77365e-07 1.00006e-05 
20.643750 1.59668e-07 1.00186e-05 
20.662500 1.41903e-07 1.00367e-05 
20.681250 1.24068e-07 1.00549e-05 
20.700000 1.06165e-07 1.0073e-05 
20.718750 8.81926e-08 1.00912e-05 
20.737500 7.01505e-08 1.01094e-05 
20.756250 5.20388e-08 1.01277e-05 
20.775000 3.38571e-08 1.0146e-05 
20.793750 1.56053e-08 1.01643e-05 
20.812500 -2.71675e-09 1.01827e-05 
20.831250 -2.11094e-08 1.0201e-05 
20.850000 -3.95728e-08 1.02195e-05 
20.868750 -5.81072e-08 1.02379e-05 
20.887500 -7.67127e-08 1.02564e-05 
20.906250 -9.53897e-08 1.02749e-05 
20.925000 -1.14138e-07 1.02935e-05 
20.943750 -1.32959e-07 1.03121e-05 
20.962500 -1.51851e-07 1.03307e-05 
20.981250 -1.70816e-07 1.03493e-05 
21.000000 -1.63913e-07 -5.79066e-06 
21.018750 -1.53736e-07 -5.80112e-06 
21.037500 -1.43522e-07 -5.8116e-06 
21.056250 -1.33271e-07 -5.82209e-06 
21.075000 -1.22983e-07 -5.8326e-06 
21.093750 -1.12659e-07 -5.84314e-06 
21.112500 -1.02297e-07 -5.85369e-06 
21.131250 -9.18977e-08 -5.86426e-06 
21.150000 -8.14612e-08 -5.87485e-06 
21.168750 -7.09873e-08 -5.88546e-06 
21.187500 -6.04758e-08 -5.89609e-06 
21.206250 -4.99267e-08 -5.90674e-06 
21.225000 -3.93398e-08 -5.9174e-06 
21.243750 -2.87151e-08 -5.92809e-06 
21.262500 -1.80525e-08 -5.93879e-06 
21.281250 -7.35176e-09 -5.94952e-06 
21.300000 3.3871e-09 -5.96026e-06 
21.318750 1.41642e-08 -5.97103e-06 
21.337500 2.49797e-08 -5.98181e-06 
21.356250 3.58336e-08 -5.99261e-06 
21.375000 3.13085e-08 3.61151e-06 
21.393750 2.48359e-08 3.61803e-06 
21.412500 1.83401e-08 3.62457e-06 
21.431250 1.18208e-08 3.63111e-06 
21.450000 5.27802e-09 3.63767e-06 
21.468750 -1.28826e-09 3.64424e-06 
21.487500 -7.87813e-09 3.65082e-06 
21.506250 -1.44917e-08 3.65741e-06 
21.525000 -2.11289e-08 3.66402e-06 
21.543750 -2.77899e-08 3.67063e-06 
21.562500 -3.44748e-08 3.67726e-06 
21.581250 -4.11836e-08 3.6839e-06 
21.600000 -4.79163e-08 3.69056e-06 
21.618750 -5.46731e-08 3.69722e-06 
21.637500 -6.1454e-08 3.7039e-06 
21.656250 -6.82591e-08 3.71059e-06 
21.675000 -7.50884e-08 3.71729e-06 
21.693750 -8.1942e-08 3.724e-06 
21.712500 -8.88199e-08 3.73072e-06 
21.731250 -9.57223e-08 3.73746e-06 
21.750000 -9.31795e-08 -2.16196e-06 
21.768750 -8.94411e-08 -2.16587e-06 
21.787500 -8.56887e-08 -2.16978e-06 
21.806250 -8.19224e-08 -2.1737e-06 
21.825000 -7.81422e-08 -2.17762e-06 
21.843750 -7.4348e-08 -2.18155e-06 
21.862500 -7.05397e-08 -2.18549e-06 
21.881250 -6.67174e-08 -2.18944e-06 
21.900000 -6.28809e-08 -2.19339e-06 
21.918750 -5.90303e-08 -2.19735e-06 
21.937500 -5.51655e-08 -2.20132e-06 
21.956250 -5.12865e-08 -2.2053e-06 
21.975000 -4.73931e-08 -2.20928e-06 
21.993750 -4.34855e-08 -2.21327e-06 
22.012500 -3.95636e-08 -2.21727e-06 
22.031250 -3.56272e-08 -2.22127e-06 
22.050000 -3.16764e-08 -2.22528e-06 
22.068750 -2.77112e-08 -2.2293e-06 
22.087500 -2.37314e-08 -2.23333e-06 
22.106250 -1.97371e-08 -2.23736e-06 
22.125000 -2.11021e-08 1.10908e-06 
22.143750 -2.3145e-08 1.11108e-06 
22.162500 -2.51953e-08 1.11309e-06 
22.181250 -2.72528e-08 1.1151e-06 
22.200000 -2.93177e-08 1.11711e-06 
22.218750 -3.13899e-08 1.11913e-06 
22.237500 -3.34695e-08 1.12115e-06 
22.256250 -3.55566e-08 1.12318e-06 
22.275000 -3.7651e-08 1.1252e-06 
22.293750 -3.97528e-08 1.12724e-06 
22.312500 -4.18621e-08 1.12927e-06 
22.331250 -4.39789e-08 1.13131e-06 
22.350000 -4.61032e-08 1.13335e-06 
22.368750 -4.8235e-08 1.1354e-06 
22.387500 -5.03743e-08 1.13745e-06 
22.406250 -5.25212e-08 1.13951e-06 
22.425000 -5.46756e-08 1.14156e-06 
22.443750 -5.68377e-08 1.14362e-06 
22.462500 -5.90074e-08 1.14569e-06 
22.481250 -6.11847e-08 1.14776e-06 
22.500000 -6.05354e-08 -6.17488e-07 
22.518750 -5.95286e-08 -6.18603e-07 
22.537500 -5.8518e-08 -6.1972e-07 
22.556250 -5.75036e-08 -6.20839e-07 
22.575000 -5.64852e-08 -6.2196e-07 
22.593750 -5.54631e-08 -6.23083e-07 
22.612500 -5.4437e-08 -6.24209e-07 
22.631250 -5.34071e-08 -6.25336e-07 
22.650000 -5.23732e-08 -6.26465e-07 
22.668750 -5.13355e-08 -6.27596e-07 
22.687500 -5.02938e-08 -6.2873e-07 
22.706250 -4.92482e-08 -6.29865e-07 
22.725000 -4.81987e-08 -6.31003e-07 
22.743750 -4.71452e-08 -6.32142e-07 
22.762500 -4.60878e-08 -6.33284e-07 
22.781250 -4.50264e-08 -6.34427e-07 
22.800000 -4.3961e-08 -6.35573e-07 
22.818750 -4.28916e-08 -6.36721e-07 
22.837500 -4.18182e-08 -6.37871e-07 
22.856250 -4.07408e-08 -6.39022e-07 
22.875000 -4.10536e-08 2.29233e-07 
22.893750 -4.15421e-08 2.29647e-07 
22.912500 -4.20322e-08 2.30062e-07 
22.931250 -4.25239e-08 2.30477e-07 
22.950000 -4.30173e-08 2.30894e-07 
22.968750 -4.35123e-08 2.3131e-07 
22.987500 -4.4009e-08 2.31728e-07 
23.006250 -4.45073e-08 2.32147e-07 
23.025000 -4.50072e-08 2.32566e-07 
23.043750 -4.55089e-08 2.32986e-07 
23.062500 -4.60122e-08 2.33407e-07 
23.081250 -4.65171e-08 2.33828e-07 
23.100000 -4.70238e-08 2.3425e-07 
23.118750 -4.75321e-08 2.34673e-07 
23.137500 -4.80421e-08 2.35097e-07 
23.156250 -4.85538e-08 2.35522e-07 
23.175000 -4.90672e-08 2.35947e-07 
23.193750 -4.95823e-08 2.36373e-07 
23.212500 -5.0099e-08 2.368e-07 
23.231250 -5.06175e-08 2.37228e-07 
23.250000 -5.04717e-08 -1.77638e-07 
23.268750 -5.02418e-08 -1.77958e-07 
23.287500 -5.00108e-08 -1.7828e-07 
23.306250 -4.97789e-08 -1.78602e-07 
23.325000 -4.9546e-08 -1.78924e-07 
23.343750 -4.93121e-08 -1.79247e-07 
23.362500 -4.90771e-08 -1.79571e-07 
23.381250 -4.88412e-08 -1.79895e-07 
23.400000 -4.86042e-08 -1.8022e-07 
23.418750 -4.83663e-08 -1.80546e-07 
23.437500 -4.81273e-08 -1.80872e-07 
23.456250 -4.78872e-08 -1.81198e-07 
23.475000 -4.76462e-08 -1.81525e-07 
23.493750 -4.74042e-08 -1.81853e-07 
23.512500 -4.71611e-08 -1.82182e-07 
23.531250 -4.69169e-08 -1.82511e-07 
23.550000 -4.66718e-08 -1.8284e-07 
23.568750 -4.64256e-08 -1.8317e-07 
23.587500 -4.61783e-08 -1.83501e-07 
23.606250 -4.59301e-08 -1.83833e-07 
23.625000 -4.6e-08 1.49162e-08 
23.643750 -4.611e-08 1.49431e-08 
23.662500 -4.62203e-08 1.49701e-08 
23.681250 -4.63308e-08 1.49971e-08 
23.700000 -4.64416e-08 1.50242e-08 
23.718750 -4.65526e-08 1.50513e-08 
23.737500 -4.66639e-08 1.50785e-08 
23.756250 -4.67754e-08 1.51057e-08 
23.775000 -4.68872e-08 1.5133e-08 
23.793750 -4.69992e-08 1.51604e-08 
23.812500 -4.71115e-08 1.51877e-08 
23.831250 -4.7224e-08 1.52152e-08 
23.850000 -4.73368e-08 1.52426e-08 
23.868750 -4.74498e-08 1.52702e-08 
23.887500 -4.75631e-08 1.52977e-08 
23.906250 -4.76767e-08 1.53254e-08 
23.925000 -4.77905e-08 1.5353e-08 
23.943750 -4.79045e-08 1.53808e-08 
23.962500 -4.80188e-08 1.54085e-08 
23.981250 -4.81334e-08 1.54364e-08 
24.000000 -4.81019e-08 -7.57482e-08 
24.018750 -4.80519e-08 -7.5885e-08 
24.037500 -4.80015e-08 -7.60221e-08 
24.056250 -4.79508e-08 -7.61594e-08 
24.075000 -4.78997e-08 -7.62969e-08 
24.093750 -4.78483e-08 -7.64347e-08 
24.112500 -4.77966e-08 -7.65727e-08 
24.131250 -4.77445e-08 -7.6711e-08 
24.150000 -4.7692e-08 -7.68495e-08 
24.168750 -4.76392e-08 -7.69883e-08 
24.187500 -4.75861e-08 -7.71273e-08 
24.206250 -4.75327e-08 -7.72666e-08 
24.225000 -4.74788e-08 -7.74061e-08 
24.243750 -4.74247e-08 -7.75459e-08 
24.262500 -4.73701e-08 -7.76859e-08 
24.281250 -4.73153e-08 -7.78262e-08 
24.300000 -4.726e-08 -7.79668e-08 
24.318750 -4.72045e-08 -7.81076e-08 
24.337500 -4.71485e-08 -7.82486e-08 
24.356250 -4.70922e-08 -7.83899e-08 
24.375000 -4.71087e-08 -3.29148e-08 
24.393750 -4.71343e-08 -3.29742e-08 
24.412500 -4.71598e-08 -3.30338e-08 
24.431250 -4.71853e-08 -3.30934e-08 
24.450000 -4.72107e-08 -3.31532e-08 
24.468750 -4.7236e-08 -3.32131e-08 
24.487500 -4.72613e-08 -3.3273e-08 
24.506250 -4.72865e-08 -3.33331e-08 
24.525000 -4.73116e-08 -3.33933e-08 
24.543750 -4.73367e-08 -3.34536e-08 
24.562500 -4.73617e-08 -3.3514e-08 
24.581250 -4.73867e-08 -3.35746e-08 
24.600000 -4.74116e-08 -3.36352e-08 
24.618750 -4.74364e-08 -3.36959e-08 
24.637500 -4.74612e-08 -3.37568e-08 
24.656250 -4.74859e-08 -3.38177e-08 
24.675000 -4.75105e-08 -3.38788e-08 
24.693750 -4.7535e-08 -3.394e-08 
24.712500 -4.75595e-08 -3.40013e-08 
24.731250 -4.7584e-08 -3.40627e-08 
24.750000 -4.75781e-08 -5.30054e-08 
24.768750 -4.75682e-08 -5.31011e-08 
24.787500 -4.75581e-08 -5.3197e-08 
24.806250 -4.75478e-08 -5.32931e-08 
24.825000 -4.75374e-08 -5.33893e-08 
24.843750 -4.75267e-08 -5.34858e-08 
24.862500 -4.75158e-08 -5.35823e-08 
24.881250 -4.75048e-08 -5.36791e-08 
24.900000 -4.74936e-08 -5.3776e-08 
24.918750 -4.74821e-08 -5.38732e-08 
24.937500 -4.74705e-08 -5.39704e-08 
24.956250 -4.74587e-08 -5.40679e-08 
24.975000 -4.74467e-08 -5.41655e-08 
24.993750 -4.74344e-08 -5.42634e-08 
25.012500 -4.7422e-08 -5.43613e-08 
25.031250 -4.74094e-08 -5.44595e-08 
25.050000 -4.73966e-08 -5.45579e-08 
25.068750 -4.73836e-08 -5.46564e-08 
25.087500 -4.73703e-08 -5.47551e-08 
25.106250 -4.73569e-08 -5.4854e-08 
25.125000 -4.73609e-08 -4.39631e-08 
25.143750 -4.7367e-08 -4.40425e-08 
25.162500 -4.73729e-08 -4.4122e-08 
25.181250 -4.73787e-08 -4.42017e-08 
25.200000 -4.73844e-08 -4.42815e-08 
25.218750 -4.73899e-08 -4.43615e-08 
25.237500 -4.73953e-08 -4.44416e-08 
25.256250 -4.74006e-08 -4.45218e-08 
25.275000 -4.74057e-08 -4.46022e-08 
25.293750 -4.74107e-08 -4.46828e-08 
25.312500 -4.74155e-08 -4.47635e-08 
25.331250 -4.74202e-08 -4.48443e-08 
25.350000 -4.74248e-08 -4.49253e-08 
25.368750 -4.74293e-08 -4.50064e-08 
25.387500 -4.74336e-08 -4.50877e-08 
25.406250 -4.74377e-08 -4.51691e-08 
25.425000 -4.74417e-08 -4.52507e-08 
25.443750 -4.74456e-08 -4.53324e-08 
25.462500 -4.74494e-08 -4.54143e-08 
25.481250 -4.7453e-08 -4.54963e-08 
25.500000 -4.74537e-08 -4.72897e-08 
25.518750 -4.74539e-08 -4.73751e-08 
25.537500 -4.7454e-08 -4.74607e-08 
25.556250 -4.74539e-08 -4.75464e-08 
25.575000 -4.74536e-08 -4.76322e-08 
25.593750 -4.74532e-08 -4.77182e-08 
25.612500 -4.74527e-08 -4.78044e-08 
25.631250 -4.7452e-08 -4.78907e-08 
25.650000 -4.74511e-08 -4.79772e-08 
25.668750 -4.74501e-08 -4.80639e-08 
25.687500 -4.74489e-08 -4.81507e-08 
25.706250 -4.74475e-08 -4.82376e-08 
25.725000 -4.7446e-08 -4.83247e-08 
25.743750 -4.74444e-08 -4.8412e-08 
25.762500 -4.74425e-08 -4.84994e-08 
25.781250 -4.74406e-08 -4.8587e-08 
25.800000 -4.74384e-08 -4.86747e-08 
25.818750 -4.74361e-08 -4.87626e-08 
25.837500 -4.74336e-08 -4.88507e-08 
25.856250 -4.7431e-08 -4.89389e-08 
25.875000 -4.74302e-08 -4.77616e-08 
25.893750 -4.74295e-08 -4.78478e-08 
25.912500 -4.74287e-08 -4.79342e-08 
25.931250 -4.74277e-08 -4.80208e-08 
25.950000 -4.74266e-08 -4.81075e-08 
25.968750 -4.74252e-08 -4.81944e-08 
25.987500 -4.74238e-08 -4.82814e-08 
26.006250 -4.74222e-08 -4.83686e-08 
26.025000 -4.74204e-08 -4.8456e-08 
26.043750 -4.74184e-08 -4.85435e-08 
26.062500 -4.74163e-08 -4.86311e-08 
26.081250 -4.7414e-08 -4.87189e-08 
26.100000 -4.74116e-08 -4.88069e-08 
26.118750 -4.7409e-08 -4.88951e-08 
26.137500 -4.74062e-08 -4.89834e-08 
26.156250 -4.74033e-08 -4.90718e-08 
26.175000 -4.74002e-08 -4.91604e-08 
26.193750 -4.7397e-08 -4.92492e-08 
26.212500 -4.73935e-08 -4.93381e-08 
26.231250 -4.73899e-08 -4.94272e-08 
26.250000 -4.73962e-08 -4.32846e-08 
26.268750 -4.74035e-08 -4.33628e-08 
26.287500 -4.74108e-08 -4.34411e-08 
26.306250 -4.74178e-08 -4.35196e-08 
26.325000 -4.74248e-08 -4.35981e-08 
26.343750 -4.74317e-08 -4.36769e-08 
26.362500 -4.74384e-08 -4.37558e-08 
26.381250 -4.74449e-08 -4.38348e-08 
26.400000 -4.74514e-08 -4.39139e-08 
26.418750 -4.74577e-08 -4.39932e-08 
26.437500 -4.74639e-08 -4.40727e-08 
26.456250 -4.74699e-08 -4.41523e-08 
26.475000 -4.74759e-08 -4.4232e-08 
26.493750 -4.74817e-08 -4.43119e-08 
26.512500 -4.74873e-08 -4.43919e-08 
26.531250 -4.74928e-08 -4.44721e-08 
26.550000 -4.74982e-08 -4.45524e-08 
26.568750 -4.75035e-08 -4.46328e-08 
26.587500 -4.75086e-08 -4.47134e-08 
26.606250 -4.75135e-08 -4.47942e-08 
26.625000 -4.75046e-08 -5.34939e-08 
26.643750 -4.74936e-08 -5.35905e-08 
26.662500 -4.74826e-08 -5.36873e-08 
26.681250 -4.74713e-08 -5.37842e-08 
26.700000 -4.74598e-08 -5.38814e-08 
26.718750 -4.74481e-08 -5.39787e-08 
26.737500 -4.74362e-08 -5.40761e-08 
26.756250 -4.74241e-08 -5.41738e-08 
26.775000 -4.74119e-08 -5.42716e-08 
26.793750 -4.73994e-08 -5.43696e-08 
26.812500 -4.73867e-08 -5.44678e-08 
26.831250 -4.73738e-08 -5.45662e-08 
26.850000 -4.73607e-08 -5.46647e-08 
26.868750 -4.73475e-08 -5.47634e-08 
26.887500 -4.7334e-08 -5.48623e-08 
26.906250 -4.73203e-08 -5.49614e-08 
26.925000 -4.73064e-08 -5.50606e-08 
26.943750 -4.72923e-08 -5.51601e-08 
26.962500 -4.7278e-08 -5.52597e-08 
26.981250 -4.72635e-08 -5.53595e-08 
27.000000 -4.72858e-08 -3.24189e-08 
27.018750 -4.73126e-08 -3.24774e-08 
27.037500 -4.73393e-08 -3.25361e-08 
27.056250 -4.7366e-08 -3.25948e-08 
27.075000 -4.73926e-08 -3.26537e-08 
27.093750 -4.74192e-08 -3.27126e-08 
27.112500 -4.74457e-08 -3.27717e-08 
27.131250 -4.74721e-08 -3.28309e-08 
27.150000 -4.74985e-08 -3.28902e-08 
27.168750 -4.75248e-08 -3.29496e-08 
27.187500 -4.75511e-08 -3.30091e-08 
27.206250 -4.75773e-08 -3.30687e-08 
27.225000 -4.76034e-08 -3.31284e-08 
27.243750 -4.76295e-08 -3.31882e-08 
27.262500 -4.76555e-08 -3.32482e-08 
27.281250 -4.76815e-08 -3.33082e-08 
27.300000 -4.77074e-08 -3.33683e-08 
27.318750 -4.77333e-08 -3.34286e-08 
27.337500 -4.7759e-08 -3.3489e-08 
27.356250 -4.77847e-08 -3.35494e-08 
27.375000 -4.77388e-08 -7.82557e-08 
27.393750 -4.76836e-08 -7.8397e-08 
27.412500 -4.7628e-08 -7.85386e-08 
27.431250 -4.7572e-08 -7.86804e-08 
27.450000 -4.75157e-08 -7.88225e-08 
27.468750 -4.74591e-08 -7.89648e-08 
27.487500 -4.7402e-08 -7.91074e-08 
27.506250 -4.73446e-08 -7.92503e-08 
27.525000 -4.72869e-08 -7.93934e-08 
27.543750 -4.72288e-08 -7.95367e-08 
27.562500 -4.71703e-08 -7.96804e-08 
27.581250 -4.71115e-08 -7.98243e-08 
27.600000 -4.70523e-08 -7.99684e-08 
27.618750 -4.69927e-08 -8.01128e-08 
27.637500 -4.69328e-08 -8.02575e-08 
27.656250 -4.68725e-08 -8.04024e-08 
27.675000 -4.68118e-08 -8.05476e-08 
27.693750 -4.67507e-08 -8.06931e-08 
27.712500 -4.66893e-08 -8.08388e-08 
27.731250 -4.66275e-08 -8.09848e-08 
27.750000 -4.67195e-08 1.50203e-08 
27.768750 -4.6831e-08 1.50474e-08 
27.787500 -4.69428e-08 1.50746e-08 
27.806250 -4.70548e-08 1.51018e-08 
27.825000 -4.71671e-08 1.51291e-08 
27.843750 -4.72796e-08 1.51564e-08 
27.862500 -4.73924e-08 1.51838e-08 
27.881250 -4.75054e-08 1.52112e-08 
27.900000 -4.76187e-08 1.52387e-08 
27.918750 -4.77323e-08 1.52662e-08 
27.937500 -4.7846e-08 1.52938e-08 
27.956250 -4.79601e-08 1.53214e-08 
27.975000 -4.80744e-08 1.53491e-08 
27.993750 -4.81889e-08 1.53768e-08 
28.012500 -4.83038e-08 1.54045e-08 
28.031250 -4.84188e-08 1.54324e-08 
28.050000 -4.85342e-08 1.54602e-08 
28.068750 -4.86498e-08 1.54881e-08 
28.087500 -4.87656e-08 1.55161e-08 
28.106250 -4.88817e-08 1.55441e-08 
28.125000 -4.86971e-08 -1.7209e-07 
28.143750 -4.8474e-08 -1.724e-07 
28.162500 -4.82499e-08 -1.72712e-07 
28.181250 -4.80249e-08 -1.73024e-07 
28.200000 -4.77989e-08 -1.73336e-07 
28.218750 -4.75719e-08 -1.73649e-07 
28.237500 -4.73439e-08 -1.73963e-07 
28.256250 -4.7115e-08 -1.74277e-07 
28.275000 -4.68851e-08 -1.74592e-07 
28.293750 -4.66542e-08 -1.74907e-07 
28.312500 -4.64223e-08 -1.75223e-07 
28.331250 -4.61894e-08 -1.75539e-07 
28.350000 -4.59555e-08 -1.75856e-07 
28.368750 -4.57206e-08 -1.76174e-07 
28.387500 -4.54848e-08 -1.76492e-07 
28.406250 -4.52479e-08 -1.76811e-07 
28.425000 -4.501e-08 -1.7713e-07 
28.443750 -4.47711e-08 -1.7745e-07 
28.462500 -4.45312e-08 -1.7777e-07 
28.481250 -4.42903e-08 -1.78091e-07 
28.500000 -4.48085e-08 2.95584e-07 
28.518750 -4.54237e-08 2.96118e-07 
28.537500 -4.60409e-08 2.96653e-07 
28.556250 -4.66603e-08 2.97189e-07 
28.575000 -4.72817e-08 2.97725e-07 
28.593750 -4.79053e-08 2.98263e-07 
28.612500 -4.85309e-08 2.98802e-07 
28.631250 -4.91587e-08 2.99341e-07 
28.650000 -4.97887e-08 2.99882e-07 
28.668750 -5.04207e-08 3.00423e-07 
28.687500 -5.10549e-08 3.00966e-07 
28.706250 -5.16912e-08 3.01509e-07 
28.725000 -5.23297e-08 3.02054e-07 
28.743750 -5.29704e-08 3.02599e-07 
28.762500 -5.36132e-08 3.03146e-07 
28.781250 -5.42581e-08 3.03693e-07 
28.800000 -5.49053e-08 3.04242e-07 
28.818750 -5.55546e-08 3.04791e-07 
28.837500 -5.62061e-08 3.05341e-07 
28.856250 -5.68598e-08 3.05893e-07 
28.875000 -5.54525e-08 -9.79781e-07 
28.893750 -5.37815e-08 -9.81551e-07 
28.912500 -5.21044e-08 -9.83323e-07 
28.931250 -5.0421e-08 -9.85099e-07 
28.950000 -4.87313e-08 -9.86878e-07 
28.968750 -4.70355e-08 -9.8866e-07 
28.987500 -4.53333e-08 -9.90445e-07 
29.006250 -4.36249e-08 -9.92234e-07 
29.025000 -4.19102e-08 -9.94026e-07 
29.043750 -4.01891e-08 -9.95821e-07 
29.062500 -3.84618e-08 -9.97619e-07 
29.081250 -3.6728e-08 -9.99421e-07 
29.100000 -3.49879e-08 -1.00123e-06 
29.118750 -3.32414e-08 -1.00303e-06 
29.137500 -3.14885e-08 -1.00484e-06 
29.156250 -2.97292e-08 -1.00666e-06 
29.175000 -2.79635e-08 -1.00848e-06 
29.193750 -2.61913e-08 -1.0103e-06 
29.212500 -2.44126e-08 -1.01212e-06 
29.231250 -2.26274e-08 -1.01395e-06 
29.250000 -2.5406e-08 1.83342e-06 
29.268750 -2.87669e-08 1.83673e-06 
29.287500 -3.21397e-08 1.84004e-06 
29.306250 -3.55246e-08 1.84337e-06 
29.325000 -3.89215e-08 1.8467e-06 
29.343750 -4.23304e-08 1.85003e-06 
29.362500 -4.57515e-08 1.85337e-06 
29.381250 -4.91846e-08 1.85672e-06 
29.400000 -5.26299e-08 1.86007e-06 
29.418750 -5.60875e-08 1.86343e-06 
29.437500 -5.95572e-08 1.8668e-06 
29.456250 -6.30392e-08 1.87017e-06 
29.475000 -6.65335e-08 1.87354e-06 
29.493750 -7.00401e-08 1.87693e-06 
29.512500 -7.35591e-08 1.88032e-06 
29.531250 -7.70904e-08 1.88371e-06 
29.550000 -8.06342e-08 1.88711e-06 
29.568750 -8.41904e-08 1.89052e-06 
29.587500 -8.77591e-08 1.89394e-06 
29.606250 -9.13403e-08 1.89736e-06 
29.625000 -8.78029e-08 -2.54672e-06 
29.643750 -8.33591e-08 -2.55132e-06 
29.662500 -7.88989e-08 -2.55593e-06 
29.681250 -7.44223e-08 -2.56054e-06 
29.700000 -6.99293e-08 -2.56516e-06 
29.718750 -6.54197e-08 -2.5698e-06 
29.737500 -6.08936e-08 -2.57444e-06 
29.756250 -5.6351e-08 -2.57909e-06 
29.775000 -5.17917e-08 -2.58374e-06 
29.793750 -4.72157e-08 -2.58841e-06 
29.812500 -4.2623e-08 -2.59308e-06 
29.831250 -3.80135e-08 -2.59777e-06 
29.850000 -3.33872e-08 -2.60246e-06 
29.868750 -2.8744e-08 -2.60716e-06 
29.887500 -2.4084e-08 -2.61187e-06 
29.906250 -1.9407e-08 -2.61658e-06 
29.925000 -1.47129e-08 -2.62131e-06 
29.943750 -1.00019e-08 -2.62604e-06 
29.962500 -5.27372e-09 -2.63078e-06 
29.981250 -5.28421e-10 -2.63553e-06 
