0.000000 1.000000 0
0.000000 2.000000 0

0.458333 1.000000 0
0.458333 2.000000 0

0.916667 1.000000 0
0.916667 2.000000 0

1.375000 1.000000 0
1.375000 2.000000 0

1.833333 1.000000 0
1.833333 2.000000 0

2.291667 1.000000 0
2.291667 2.000000 0

2.750000 1.000000 0
2.750000 2.000000 0

3.208333 1.000000 0
3.208333 2.000000 0

3.666667 1.000000 0
3.666667 2.000000 0

4.125000 1.000000 0
4.125000 2.000000 0

4.583333 1.000000 0
4.583333 2.000000 0

5.041667 1.000000 0
5.041667 2.000000 0

5.500000 1.000000 0
5.500000 2.000000 0

5.958333 1.000000 0
5.958333 2.000000 0

6.416667 1.000000 0
6.416667 2.000000 0

6.875000 1.000000 0
6.875000 2.000000 0

7.333333 1.000000 0
7.333333 2.000000 0

7.791667 1.000000 0
7.791667 2.000000 0

8.250000 1.000000 0
8.250000 2.000000 0

8.708333 1.000000 0
8.708333 2.000000 0

9.166667 1.000000 0
9.166667 2.000000 0

9.625000 1.000000 0
9.625000 2.000000 0

10.083333 1.000000 0
10.083333 2.000000 0

10.541667 1.000000 0
10.541667 2.000000 0

11.000000 1.000000 0
11.000000 2.000000 0

11.458333 1.000000 0
11.458333 2.000000 0

11.916667 1.000000 0
11.916667 2.000000 0

12.375000 1.000000 0
12.375000 2.000000 0

12.833333 1.000000 0
12.833333 2.000000 0

13.291667 1.000000 0
13.291667 2.000000 0

13.750000 1.000000 0
13.750000 2.000000 0

14.208333 1.000000 0
14.208333 2.000000 0

14.666667 1.000000 0
14.666667 2.000000 0

15.125000 1.000000 0
15.125000 2.000000 0

15.583333 1.000000 0
15.583333 2.000000 0

16.041667 1.000000 0
16.041667 2.000000 0

16.500000 1.000000 0
16.500000 2.000000 0

16.958333 1.000000 0
16.958333 2.000000 0

17.416667 1.000000 0
17.416667 2.000000 0

17.875000 1.000000 0
17.875000 2.000000 0

18.333333 1.000000 0
18.333333 2.000000 0

18.791667 1.000000 0
18.791667 2.000000 0

19.250000 1.000000 0
19.250000 2.000000 0

19.708333 1.000000 0
19.708333 2.000000 0

20.166667 1.000000 0
20.166667 2.000000 0

20.625000 1.000000 0
20.625000 2.000000 0

21.083333 1.000000 0
21.083333 2.000000 0

21.541667 1.000000 0
21.541667 2.000000 0

22.000000 1.000000 0
22.000000 2.000000 0

22.000000 1.000000 0
22.000000 2.000000 0

