0.000000 
0.458333 
0.916667 
1.375000 
1.833333 
2.291667 
2.750000 
3.208333 
3.666667 
4.125000 
4.583333 
5.041667 
5.500000 
5.958333 
6.416667 
6.875000 
7.333333 
7.791667 
8.250000 
8.708333 
9.166667 
9.625000 
10.083333 
10.541667 
11.000000 
11.458333 
11.916667 
12.375000 
12.833333 
13.291667 
13.750000 
14.208333 
14.666667 
15.125000 
15.583333 
16.041667 
16.500000 
16.958333 
17.416667 
17.875000 
18.333333 
18.791667 
19.250000 
19.708333 
20.166667 
20.625000 
21.083333 
21.541667 
22.000000 
