0.000000 1.000000 1
0.000000 2.000000 0
0.000000 3.000000 0
0.000000 4.000000 0

0.025000 1.000000 1
0.025000 2.000000 0
0.025000 3.000000 0
0.025000 4.000000 0

0.050000 1.000000 1
0.050000 2.000000 0
0.050000 3.000000 0
0.050000 4.000000 0

0.075000 1.000000 0
0.075000 2.000000 0
0.075000 3.000000 1
0.075000 4.000000 0

0.100000 1.000000 0
0.100000 2.000000 0
0.100000 3.000000 1
0.100000 4.000000 0

0.125000 1.000000 0
0.125000 2.000000 0
0.125000 3.000000 1
0.125000 4.000000 0

0.150000 1.000000 0
0.150000 2.000000 0
0.150000 3.000000 1
0.150000 4.000000 0

0.175000 1.000000 0
0.175000 2.000000 0
0.175000 3.000000 1
0.175000 4.000000 0

0.200000 1.000000 0
0.200000 2.000000 0
0.200000 3.000000 1
0.200000 4.000000 0

0.225000 1.000000 0
0.225000 2.000000 0
0.225000 3.000000 1
0.225000 4.000000 0

0.250000 1.000000 0
0.250000 2.000000 0
0.250000 3.000000 1
0.250000 4.000000 0

0.275000 1.000000 0
0.275000 2.000000 0
0.275000 3.000000 1
0.275000 4.000000 0

0.300000 1.000000 0
0.300000 2.000000 0
0.300000 3.000000 1
0.300000 4.000000 0

0.325000 1.000000 0
0.325000 2.000000 1
0.325000 3.000000 0
0.325000 4.000000 0

0.350000 1.000000 0
0.350000 2.000000 0
0.350000 3.000000 1
0.350000 4.000000 0

0.375000 1.000000 0
0.375000 2.000000 0
0.375000 3.000000 1
0.375000 4.000000 0

0.400000 1.000000 0
0.400000 2.000000 1
0.400000 3.000000 0
0.400000 4.000000 0

0.425000 1.000000 0
0.425000 2.000000 0
0.425000 3.000000 1
0.425000 4.000000 0

0.450000 1.000000 0
0.450000 2.000000 0
0.450000 3.000000 1
0.450000 4.000000 0

0.475000 1.000000 0
0.475000 2.000000 0
0.475000 3.000000 1
0.475000 4.000000 0

0.500000 1.000000 0
0.500000 2.000000 1
0.500000 3.000000 0
0.500000 4.000000 0

0.525000 1.000000 0
0.525000 2.000000 1
0.525000 3.000000 0
0.525000 4.000000 0

0.550000 1.000000 0
0.550000 2.000000 1
0.550000 3.000000 0
0.550000 4.000000 0

0.575000 1.000000 0
0.575000 2.000000 1
0.575000 3.000000 0
0.575000 4.000000 0

0.600000 1.000000 0
0.600000 2.000000 1
0.600000 3.000000 0
0.600000 4.000000 0

0.625000 1.000000 0
0.625000 2.000000 1
0.625000 3.000000 0
0.625000 4.000000 0

0.650000 1.000000 0
0.650000 2.000000 1
0.650000 3.000000 0
0.650000 4.000000 0

0.675000 1.000000 0
0.675000 2.000000 1
0.675000 3.000000 0
0.675000 4.000000 0

0.700000 1.000000 0
0.700000 2.000000 1
0.700000 3.000000 0
0.700000 4.000000 0

0.725000 1.000000 0
0.725000 2.000000 1
0.725000 3.000000 0
0.725000 4.000000 0

0.750000 1.000000 0
0.750000 2.000000 1
0.750000 3.000000 0
0.750000 4.000000 0

0.775000 1.000000 0
0.775000 2.000000 1
0.775000 3.000000 0
0.775000 4.000000 0

0.800000 1.000000 1
0.800000 2.000000 0
0.800000 3.000000 0
0.800000 4.000000 0

0.825000 1.000000 0
0.825000 2.000000 1
0.825000 3.000000 0
0.825000 4.000000 0

0.850000 1.000000 0
0.850000 2.000000 1
0.850000 3.000000 0
0.850000 4.000000 0

0.875000 1.000000 1
0.875000 2.000000 0
0.875000 3.000000 0
0.875000 4.000000 0

0.900000 1.000000 0
0.900000 2.000000 1
0.900000 3.000000 0
0.900000 4.000000 0

0.925000 1.000000 0
0.925000 2.000000 1
0.925000 3.000000 0
0.925000 4.000000 0

0.950000 1.000000 1
0.950000 2.000000 0
0.950000 3.000000 0
0.950000 4.000000 0

0.975000 1.000000 0
0.975000 2.000000 1
0.975000 3.000000 0
0.975000 4.000000 0

1.000000 1.000000 0
1.000000 2.000000 1
1.000000 3.000000 0
1.000000 4.000000 0

1.000000 1.000000 0
1.000000 2.000000 1
1.000000 3.000000 0
1.000000 4.000000 0

