0.000000 0.5 0.5 0.999999 1.8755e-07 4.33525e-07 
0.000833 0.499806 0.500582 0.999999 1.8755e-07 4.33525e-07 
0.001667 0.499194 0.502422 0.999999 1.8755e-07 4.33525e-07 
0.002500 0.498752 0.503758 0.999999 1.8755e-07 4.33525e-07 
0.003333 0.498558 0.504342 0.999999 1.8755e-07 4.33525e-07 
0.004167 0.497948 0.50619 0.999999 1.8755e-07 4.33525e-07 
0.005000 0.497506 0.507531 0.999999 1.8755e-07 4.33525e-07 
0.005833 0.497313 0.508118 0.999999 1.8755e-07 4.33525e-07 
0.006667 0.496705 0.509973 0.999999 1.8755e-07 4.33525e-07 
0.007500 0.496264 0.511321 0.999999 1.8755e-07 4.33525e-07 
0.008333 0.496072 0.51191 0.999999 1.8755e-07 4.33525e-07 
0.009167 0.495465 0.513773 0.999999 1.8755e-07 4.33525e-07 
0.010000 0.495025 0.515126 0.999999 1.8755e-07 4.33525e-07 
0.010833 0.494833 0.515717 0.999999 1.8755e-07 4.33525e-07 
0.011667 0.494227 0.517589 0.999999 1.8755e-07 4.33525e-07 
0.012500 0.493789 0.518947 0.999999 1.8755e-07 4.33525e-07 
0.013333 0.493598 0.519541 0.999999 1.8755e-07 4.33525e-07 
0.014167 0.492993 0.52142 0.999999 1.8755e-07 4.33525e-07 
0.015000 0.492556 0.522784 0.999999 1.8755e-07 4.33525e-07 
0.015833 0.492365 0.523381 0.999999 1.8755e-07 4.33525e-07 
0.016667 0.491762 0.525268 0.999999 1.8755e-07 4.33525e-07 
0.017500 0.491326 0.526638 0.999999 1.8755e-07 4.33525e-07 
0.018333 0.491136 0.527237 0.999999 1.8755e-07 4.33525e-07 
0.019167 0.490535 0.529132 0.999999 1.8755e-07 4.33525e-07 
0.020000 0.490099 0.530507 0.999999 1.8755e-07 4.33525e-07 
0.020833 0.489909 0.531109 0.999999 1.8755e-07 4.33525e-07 
0.021667 0.48931 0.533012 0.999999 1.8755e-07 4.33525e-07 
0.022500 0.488876 0.534393 0.999999 1.8755e-07 4.33525e-07 
0.023333 0.488686 0.534997 0.999999 1.8755e-07 4.33525e-07 
0.024167 0.488088 0.536908 0.999999 1.8755e-07 4.33525e-07 
0.025000 0.487655 0.538296 0.999999 1.60108e-07 7.80025e-07 
0.025833 0.487466 0.538902 0.999999 1.60108e-07 7.80025e-07 
0.026667 0.486869 0.540821 0.999999 1.60108e-07 7.80025e-07 
0.027500 0.486437 0.542215 0.999999 1.60108e-07 7.80025e-07 
0.028333 0.486249 0.542824 0.999999 1.60108e-07 7.80025e-07 
0.029167 0.485654 0.544751 0.999999 1.60108e-07 7.80025e-07 
0.030000 0.485223 0.54615 0.999999 1.60108e-07 7.80025e-07 
0.030833 0.485035 0.546762 0.999999 1.60108e-07 7.80025e-07 
0.031667 0.484441 0.548697 0.999999 1.60108e-07 7.80025e-07 
0.032500 0.484011 0.550102 0.999999 1.60108e-07 7.80025e-07 
0.033333 0.483824 0.550717 0.999999 1.60108e-07 7.80025e-07 
0.034167 0.483231 0.55266 0.999999 1.60108e-07 7.80025e-07 
0.035000 0.482803 0.554071 0.999999 1.60108e-07 7.80025e-07 
0.035833 0.482616 0.554688 0.999999 1.60108e-07 7.80025e-07 
0.036667 0.482025 0.55664 0.999999 1.60108e-07 7.80025e-07 
0.037500 0.481597 0.558057 0.999999 1.60108e-07 7.80025e-07 
0.038333 0.481411 0.558677 0.999999 1.60108e-07 7.80025e-07 
0.039167 0.480821 0.560637 0.999999 1.60108e-07 7.80025e-07 
0.040000 0.480395 0.56206 0.999999 1.60108e-07 7.80025e-07 
0.040833 0.480209 0.562682 0.999999 1.60108e-07 7.80025e-07 
0.041667 0.479621 0.56465 0.999999 1.60108e-07 7.80025e-07 
0.042500 0.479195 0.56608 0.999999 1.60108e-07 7.80025e-07 
0.043333 0.47901 0.566704 0.999999 1.60108e-07 7.80025e-07 
0.044167 0.478423 0.568681 0.999999 1.60108e-07 7.80025e-07 
0.045000 0.477999 0.570117 0.999999 1.60108e-07 7.80025e-07 
0.045833 0.477814 0.570744 0.999999 1.60108e-07 7.80025e-07 
0.046667 0.477229 0.572729 0.999999 1.60108e-07 7.80025e-07 
0.047500 0.476805 0.574171 0.999999 1.60108e-07 7.80025e-07 
0.048333 0.47662 0.574801 0.999999 1.60108e-07 7.80025e-07 
0.049167 0.476037 0.576795 0.999999 1.60108e-07 7.80025e-07 
0.050000 0.475615 0.578242 0.999997 1.31475e-07 2.3726e-06 
0.050833 0.47543 0.578875 0.999997 1.31475e-07 2.3726e-06 
0.051667 0.474848 0.580878 0.999997 1.31475e-07 2.3726e-06 
0.052500 0.474427 0.582331 0.999997 1.31475e-07 2.3726e-06 
0.053333 0.474243 0.582967 0.999997 1.31475e-07 2.3726e-06 
0.054167 0.473663 0.584978 0.999997 1.31475e-07 2.3726e-06 
0.055000 0.473243 0.586438 0.999997 1.31475e-07 2.3726e-06 
0.055833 0.473059 0.587076 0.999997 1.31475e-07 2.3726e-06 
0.056667 0.47248 0.589096 0.999997 1.31475e-07 2.3726e-06 
0.057500 0.472061 0.590562 0.999997 1.31475e-07 2.3726e-06 
0.058333 0.471878 0.591203 0.999997 1.31475e-07 2.3726e-06 
0.059167 0.4713 0.593231 0.999997 1.31475e-07 2.3726e-06 
0.060000 0.470882 0.594704 0.999997 1.31475e-07 2.3726e-06 
0.060833 0.4707 0.595348 0.999997 1.31475e-07 2.3726e-06 
0.061667 0.470124 0.597384 0.999997 1.31475e-07 2.3726e-06 
0.062500 0.469707 0.598863 0.999997 1.31475e-07 2.3726e-06 
0.063333 0.469525 0.59951 0.999997 1.31475e-07 2.3726e-06 
0.064167 0.46895 0.601556 0.999997 1.31475e-07 2.3726e-06 
0.065000 0.468534 0.603041 0.999997 1.31475e-07 2.3726e-06 
0.065833 0.468352 0.60369 0.999997 1.31475e-07 2.3726e-06 
0.066667 0.467779 0.605745 0.999997 1.31475e-07 2.3726e-06 
0.067500 0.467364 0.607237 0.999997 1.31475e-07 2.3726e-06 
0.068333 0.467183 0.607889 0.999997 1.31475e-07 2.3726e-06 
0.069167 0.466611 0.609952 0.999997 1.31475e-07 2.3726e-06 
0.070000 0.466197 0.61145 0.999997 1.31475e-07 2.3726e-06 
0.070833 0.466016 0.612105 0.999997 1.31475e-07 2.3726e-06 
0.071667 0.465446 0.614177 0.999997 1.31475e-07 2.3726e-06 
0.072500 0.465033 0.615682 0.999997 1.31475e-07 2.3726e-06 
0.073333 0.464853 0.61634 0.999997 1.31475e-07 2.3726e-06 
0.074167 0.464284 0.618421 0.999997 1.31475e-07 2.3726e-06 
0.075000 0.463872 0.619932 2.95992e-06 1.34599e-07 0.999997 
0.075833 0.463811 0.620352 2.95992e-06 1.34599e-07 0.999997 
0.076667 0.463619 0.621681 2.95992e-06 1.34599e-07 0.999997 
0.077500 0.463478 0.622645 2.95992e-06 1.34599e-07 0.999997 
0.078333 0.463416 0.623066 2.95992e-06 1.34599e-07 0.999997 
0.079167 0.46322 0.624397 2.95992e-06 1.34599e-07 0.999997 
0.080000 0.463076 0.625363 2.95992e-06 1.34599e-07 0.999997 
0.080833 0.463013 0.625785 2.95992e-06 1.34599e-07 0.999997 
0.081667 0.462813 0.627119 2.95992e-06 1.34599e-07 0.999997 
0.082500 0.462666 0.628087 2.95992e-06 1.34599e-07 0.999997 
0.083333 0.462602 0.62851 2.95992e-06 1.34599e-07 0.999997 
0.084167 0.462398 0.629847 2.95992e-06 1.34599e-07 0.999997 
0.085000 0.462249 0.630817 2.95992e-06 1.34599e-07 0.999997 
0.085833 0.462183 0.63124 2.95992e-06 1.34599e-07 0.999997 
0.086667 0.461975 0.63258 2.95992e-06 1.34599e-07 0.999997 
0.087500 0.461823 0.633552 2.95992e-06 1.34599e-07 0.999997 
0.088333 0.461757 0.633977 2.95992e-06 1.34599e-07 0.999997 
0.089167 0.461545 0.635319 2.95992e-06 1.34599e-07 0.999997 
0.090000 0.46139 0.636293 2.95992e-06 1.34599e-07 0.999997 
0.090833 0.461322 0.636719 2.95992e-06 1.34599e-07 0.999997 
0.091667 0.461107 0.638065 2.95992e-06 1.34599e-07 0.999997 
0.092500 0.460949 0.639041 2.95992e-06 1.34599e-07 0.999997 
0.093333 0.46088 0.639467 2.95992e-06 1.34599e-07 0.999997 
0.094167 0.46066 0.640815 2.95992e-06 1.34599e-07 0.999997 
0.095000 0.4605 0.641793 2.95992e-06 1.34599e-07 0.999997 
0.095833 0.460429 0.642221 2.95992e-06 1.34599e-07 0.999997 
0.096667 0.460206 0.643572 2.95992e-06 1.34599e-07 0.999997 
0.097500 0.460042 0.644552 2.95992e-06 1.34599e-07 0.999997 
0.098333 0.459971 0.64498 2.95992e-06 1.34599e-07 0.999997 
0.099167 0.459743 0.646334 2.95992e-06 1.34599e-07 0.999997 
0.100000 0.459577 0.647316 8.66765e-07 1.80004e-07 0.999999 
0.100833 0.459504 0.647746 8.66765e-07 1.80004e-07 0.999999 
0.101667 0.459273 0.649102 8.66765e-07 1.80004e-07 0.999999 
0.102500 0.459104 0.650086 8.66765e-07 1.80004e-07 0.999999 
0.103333 0.45903 0.650516 8.66765e-07 1.80004e-07 0.999999 
0.104167 0.458794 0.651876 8.66765e-07 1.80004e-07 0.999999 
0.105000 0.458622 0.652862 8.66765e-07 1.80004e-07 0.999999 
0.105833 0.458547 0.653293 8.66765e-07 1.80004e-07 0.999999 
0.106667 0.458307 0.654656 8.66765e-07 1.80004e-07 0.999999 
0.107500 0.458133 0.655644 8.66765e-07 1.80004e-07 0.999999 
0.108333 0.458056 0.656076 8.66765e-07 1.80004e-07 0.999999 
0.109167 0.457812 0.657441 8.66765e-07 1.80004e-07 0.999999 
0.110000 0.457635 0.658431 8.66765e-07 1.80004e-07 0.999999 
0.110833 0.457557 0.658864 8.66765e-07 1.80004e-07 0.999999 
0.111667 0.457309 0.660232 8.66765e-07 1.80004e-07 0.999999 
0.112500 0.457129 0.661224 8.66765e-07 1.80004e-07 0.999999 
0.113333 0.457049 0.661658 8.66765e-07 1.80004e-07 0.999999 
0.114167 0.456798 0.663029 8.66765e-07 1.80004e-07 0.999999 
0.115000 0.456614 0.664023 8.66765e-07 1.80004e-07 0.999999 
0.115833 0.456534 0.664457 8.66765e-07 1.80004e-07 0.999999 
0.116667 0.456278 0.665831 8.66765e-07 1.80004e-07 0.999999 
0.117500 0.456091 0.666827 8.66765e-07 1.80004e-07 0.999999 
0.118333 0.45601 0.667263 8.66765e-07 1.80004e-07 0.999999 
0.119167 0.45575 0.668639 8.66765e-07 1.80004e-07 0.999999 
0.120000 0.45556 0.669638 8.66765e-07 1.80004e-07 0.999999 
0.120833 0.455477 0.670074 8.66765e-07 1.80004e-07 0.999999 
0.121667 0.455214 0.671453 8.66765e-07 1.80004e-07 0.999999 
0.122500 0.455021 0.672453 8.66765e-07 1.80004e-07 0.999999 
0.123333 0.454937 0.672891 8.66765e-07 1.80004e-07 0.999999 
0.124167 0.454669 0.674272 8.66765e-07 1.80004e-07 0.999999 
0.125000 0.454473 0.675275 4.69908e-07 2.51209e-07 0.999999 
0.125833 0.454388 0.675713 4.69908e-07 2.51209e-07 0.999999 
0.126667 0.454116 0.677098 4.69908e-07 2.51209e-07 0.999999 
0.127500 0.453917 0.678102 4.69908e-07 2.51209e-07 0.999999 
0.128333 0.45383 0.678541 4.69908e-07 2.51209e-07 0.999999 
0.129167 0.453554 0.679929 4.69908e-07 2.51209e-07 0.999999 
0.130000 0.453352 0.680935 4.69908e-07 2.51209e-07 0.999999 
0.130833 0.453264 0.681375 4.69908e-07 2.51209e-07 0.999999 
0.131667 0.452984 0.682765 4.69908e-07 2.51209e-07 0.999999 
0.132500 0.452779 0.683774 4.69908e-07 2.51209e-07 0.999999 
0.133333 0.452689 0.684214 4.69908e-07 2.51209e-07 0.999999 
0.134167 0.452405 0.685607 4.69908e-07 2.51209e-07 0.999999 
0.135000 0.452197 0.686618 4.69908e-07 2.51209e-07 0.999999 
0.135833 0.452106 0.687059 4.69908e-07 2.51209e-07 0.999999 
0.136667 0.451818 0.688455 4.69908e-07 2.51209e-07 0.999999 
0.137500 0.451607 0.689468 4.69908e-07 2.51209e-07 0.999999 
0.138333 0.451515 0.68991 4.69908e-07 2.51209e-07 0.999999 
0.139167 0.451222 0.691309 4.69908e-07 2.51209e-07 0.999999 
0.140000 0.451008 0.692323 4.69908e-07 2.51209e-07 0.999999 
0.140833 0.450914 0.692766 4.69908e-07 2.51209e-07 0.999999 
0.141667 0.450617 0.694168 4.69908e-07 2.51209e-07 0.999999 
0.142500 0.4504 0.695184 4.69908e-07 2.51209e-07 0.999999 
0.143333 0.450305 0.695628 4.69908e-07 2.51209e-07 0.999999 
0.144167 0.450004 0.697033 4.69908e-07 2.51209e-07 0.999999 
0.145000 0.449784 0.698051 4.69908e-07 2.51209e-07 0.999999 
0.145833 0.449688 0.698496 4.69908e-07 2.51209e-07 0.999999 
0.146667 0.449382 0.699903 4.69908e-07 2.51209e-07 0.999999 
0.147500 0.449159 0.700923 4.69908e-07 2.51209e-07 0.999999 
0.148333 0.449061 0.701369 4.69908e-07 2.51209e-07 0.999999 
0.149167 0.448751 0.702779 4.69908e-07 2.51209e-07 0.999999 
0.150000 0.448525 0.703801 2.97802e-07 3.59194e-07 0.999999 
0.150833 0.448426 0.704248 2.97802e-07 3.59194e-07 0.999999 
0.151667 0.448112 0.705661 2.97802e-07 3.59194e-07 0.999999 
0.152500 0.447883 0.706685 2.97802e-07 3.59194e-07 0.999999 
0.153333 0.447782 0.707133 2.97802e-07 3.59194e-07 0.999999 
0.154167 0.447464 0.708548 2.97802e-07 3.59194e-07 0.999999 
0.155000 0.447231 0.709574 2.97802e-07 3.59194e-07 0.999999 
0.155833 0.447129 0.710023 2.97802e-07 3.59194e-07 0.999999 
0.156667 0.446806 0.711441 2.97802e-07 3.59194e-07 0.999999 
0.157500 0.446571 0.712469 2.97802e-07 3.59194e-07 0.999999 
0.158333 0.446468 0.712918 2.97802e-07 3.59194e-07 0.999999 
0.159167 0.44614 0.714339 2.97802e-07 3.59194e-07 0.999999 
0.160000 0.445902 0.71537 2.97802e-07 3.59194e-07 0.999999 
0.160833 0.445797 0.71582 2.97802e-07 3.59194e-07 0.999999 
0.161667 0.445465 0.717243 2.97802e-07 3.59194e-07 0.999999 
0.162500 0.445224 0.718275 2.97802e-07 3.59194e-07 0.999999 
0.163333 0.445118 0.718727 2.97802e-07 3.59194e-07 0.999999 
0.164167 0.444781 0.720153 2.97802e-07 3.59194e-07 0.999999 
0.165000 0.444536 0.721187 2.97802e-07 3.59194e-07 0.999999 
0.165833 0.444429 0.721639 2.97802e-07 3.59194e-07 0.999999 
0.166667 0.444089 0.723068 2.97802e-07 3.59194e-07 0.999999 
0.167500 0.44384 0.724104 2.97802e-07 3.59194e-07 0.999999 
0.168333 0.443732 0.724557 2.97802e-07 3.59194e-07 0.999999 
0.169167 0.443387 0.725988 2.97802e-07 3.59194e-07 0.999999 
0.170000 0.443135 0.727027 2.97802e-07 3.59194e-07 0.999999 
0.170833 0.443025 0.72748 2.97802e-07 3.59194e-07 0.999999 
0.171667 0.442676 0.728915 2.97802e-07 3.59194e-07 0.999999 
0.172500 0.442421 0.729955 2.97802e-07 3.59194e-07 0.999999 
0.173333 0.442309 0.730409 2.97802e-07 3.59194e-07 0.999999 
0.174167 0.441955 0.731846 2.97802e-07 3.59194e-07 0.999999 
0.175000 0.441697 0.732889 2.0685e-07 5.18048e-07 0.999999 
0.175833 0.441585 0.733344 2.0685e-07 5.18048e-07 0.999999 
0.176667 0.441226 0.734784 2.0685e-07 5.18048e-07 0.999999 
0.177500 0.440965 0.735828 2.0685e-07 5.18048e-07 0.999999 
0.178333 0.440851 0.736284 2.0685e-07 5.18048e-07 0.999999 
0.179167 0.440488 0.737726 2.0685e-07 5.18048e-07 0.999999 
0.180000 0.440223 0.738773 2.0685e-07 5.18048e-07 0.999999 
0.180833 0.440107 0.73923 2.0685e-07 5.18048e-07 0.999999 
0.181667 0.43974 0.740675 2.0685e-07 5.18048e-07 0.999999 
0.182500 0.439472 0.741723 2.0685e-07 5.18048e-07 0.999999 
0.183333 0.439355 0.742181 2.0685e-07 5.18048e-07 0.999999 
0.184167 0.438983 0.743628 2.0685e-07 5.18048e-07 0.999999 
0.185000 0.438712 0.744679 2.0685e-07 5.18048e-07 0.999999 
0.185833 0.438593 0.745137 2.0685e-07 5.18048e-07 0.999999 
0.186667 0.438217 0.746588 2.0685e-07 5.18048e-07 0.999999 
0.187500 0.437942 0.74764 2.0685e-07 5.18048e-07 0.999999 
0.188333 0.437822 0.748099 2.0685e-07 5.18048e-07 0.999999 
0.189167 0.437441 0.749552 2.0685e-07 5.18048e-07 0.999999 
0.190000 0.437163 0.750606 2.0685e-07 5.18048e-07 0.999999 
0.190833 0.437042 0.751067 2.0685e-07 5.18048e-07 0.999999 
0.191667 0.436656 0.752523 2.0685e-07 5.18048e-07 0.999999 
0.192500 0.436375 0.753579 2.0685e-07 5.18048e-07 0.999999 
0.193333 0.436252 0.75404 2.0685e-07 5.18048e-07 0.999999 
0.194167 0.435862 0.755498 2.0685e-07 5.18048e-07 0.999999 
0.195000 0.435577 0.756556 2.0685e-07 5.18048e-07 0.999999 
0.195833 0.435453 0.757018 2.0685e-07 5.18048e-07 0.999999 
0.196667 0.435058 0.758479 2.0685e-07 5.18048e-07 0.999999 
0.197500 0.43477 0.759539 2.0685e-07 5.18048e-07 0.999999 
0.198333 0.434644 0.760002 2.0685e-07 5.18048e-07 0.999999 
0.199167 0.434245 0.761466 2.0685e-07 5.18048e-07 0.999999 
0.200000 0.433954 0.762528 1.55219e-07 7.71828e-07 0.999999 
0.200833 0.433826 0.762992 1.55219e-07 7.71828e-07 0.999999 
0.201667 0.433422 0.764458 1.55219e-07 7.71828e-07 0.999999 
0.202500 0.433127 0.765522 1.55219e-07 7.71828e-07 0.999999 
0.203333 0.432998 0.765986 1.55219e-07 7.71828e-07 0.999999 
0.204167 0.432589 0.767455 1.55219e-07 7.71828e-07 0.999999 
0.205000 0.432292 0.768521 1.55219e-07 7.71828e-07 0.999999 
0.205833 0.432161 0.768986 1.55219e-07 7.71828e-07 0.999999 
0.206667 0.431747 0.770458 1.55219e-07 7.71828e-07 0.999999 
0.207500 0.431446 0.771526 1.55219e-07 7.71828e-07 0.999999 
0.208333 0.431314 0.771992 1.55219e-07 7.71828e-07 0.999999 
0.209167 0.430896 0.773466 1.55219e-07 7.71828e-07 0.999999 
0.210000 0.430591 0.774536 1.55219e-07 7.71828e-07 0.999999 
0.210833 0.430458 0.775003 1.55219e-07 7.71828e-07 0.999999 
0.211667 0.430035 0.77648 1.55219e-07 7.71828e-07 0.999999 
0.212500 0.429726 0.777551 1.55219e-07 7.71828e-07 0.999999 
0.213333 0.429591 0.778019 1.55219e-07 7.71828e-07 0.999999 
0.214167 0.429164 0.779499 1.55219e-07 7.71828e-07 0.999999 
0.215000 0.428852 0.780572 1.55219e-07 7.71828e-07 0.999999 
0.215833 0.428716 0.781041 1.55219e-07 7.71828e-07 0.999999 
0.216667 0.428283 0.782523 1.55219e-07 7.71828e-07 0.999999 
0.217500 0.427968 0.783598 1.55219e-07 7.71828e-07 0.999999 
0.218333 0.42783 0.784068 1.55219e-07 7.71828e-07 0.999999 
0.219167 0.427392 0.785553 1.55219e-07 7.71828e-07 0.999999 
0.220000 0.427074 0.78663 1.55219e-07 7.71828e-07 0.999999 
0.220833 0.426934 0.787101 1.55219e-07 7.71828e-07 0.999999 
0.221667 0.426492 0.788588 1.55219e-07 7.71828e-07 0.999999 
0.222500 0.42617 0.789667 1.55219e-07 7.71828e-07 0.999999 
0.223333 0.426029 0.790138 1.55219e-07 7.71828e-07 0.999999 
0.224167 0.425582 0.791628 1.55219e-07 7.71828e-07 0.999999 
0.225000 0.425256 0.792709 1.23785e-07 1.27011e-06 0.999999 
0.225833 0.425114 0.793181 1.23785e-07 1.27011e-06 0.999999 
0.226667 0.424662 0.794674 1.23785e-07 1.27011e-06 0.999999 
0.227500 0.424333 0.795757 1.23785e-07 1.27011e-06 0.999999 
0.228333 0.424189 0.79623 1.23785e-07 1.27011e-06 0.999999 
0.229167 0.423732 0.797725 1.23785e-07 1.27011e-06 0.999999 
0.230000 0.423399 0.79881 1.23785e-07 1.27011e-06 0.999999 
0.230833 0.423254 0.799283 1.23785e-07 1.27011e-06 0.999999 
0.231667 0.422792 0.800781 1.23785e-07 1.27011e-06 0.999999 
0.232500 0.422456 0.801868 1.23785e-07 1.27011e-06 0.999999 
0.233333 0.422309 0.802342 1.23785e-07 1.27011e-06 0.999999 
0.234167 0.421842 0.803843 1.23785e-07 1.27011e-06 0.999999 
0.235000 0.421502 0.804931 1.23785e-07 1.27011e-06 0.999999 
0.235833 0.421353 0.805407 1.23785e-07 1.27011e-06 0.999999 
0.236667 0.420882 0.80691 1.23785e-07 1.27011e-06 0.999999 
0.237500 0.420539 0.808 1.23785e-07 1.27011e-06 0.999999 
0.238333 0.420388 0.808476 1.23785e-07 1.27011e-06 0.999999 
0.239167 0.419912 0.809982 1.23785e-07 1.27011e-06 0.999999 
0.240000 0.419565 0.811074 1.23785e-07 1.27011e-06 0.999999 
0.240833 0.419413 0.811551 1.23785e-07 1.27011e-06 0.999999 
0.241667 0.418932 0.813059 1.23785e-07 1.27011e-06 0.999999 
0.242500 0.418581 0.814153 1.23785e-07 1.27011e-06 0.999999 
0.243333 0.418428 0.814631 1.23785e-07 1.27011e-06 0.999999 
0.244167 0.417941 0.816142 1.23785e-07 1.27011e-06 0.999999 
0.245000 0.417587 0.817238 1.23785e-07 1.27011e-06 0.999999 
0.245833 0.417432 0.817716 1.23785e-07 1.27011e-06 0.999999 
0.246667 0.416941 0.81923 1.23785e-07 1.27011e-06 0.999999 
0.247500 0.416583 0.820327 1.23785e-07 1.27011e-06 0.999999 
0.248333 0.416426 0.820807 1.23785e-07 1.27011e-06 0.999999 
0.249167 0.41593 0.822323 1.23785e-07 1.27011e-06 0.999999 
0.250000 0.415568 0.823422 1.03333e-07 2.76861e-06 0.999997 
0.250833 0.41541 0.823902 1.03333e-07 2.76861e-06 0.999997 
0.251667 0.414909 0.825421 1.03333e-07 2.76861e-06 0.999997 
0.252500 0.414544 0.826522 1.03333e-07 2.76861e-06 0.999997 
0.253333 0.414384 0.827003 1.03333e-07 2.76861e-06 0.999997 
0.254167 0.413877 0.828524 1.03333e-07 2.76861e-06 0.999997 
0.255000 0.413508 0.829627 1.03333e-07 2.76861e-06 0.999997 
0.255833 0.413347 0.830109 1.03333e-07 2.76861e-06 0.999997 
0.256667 0.412835 0.831633 1.03333e-07 2.76861e-06 0.999997 
0.257500 0.412463 0.832738 1.03333e-07 2.76861e-06 0.999997 
0.258333 0.4123 0.83322 1.03333e-07 2.76861e-06 0.999997 
0.259167 0.411783 0.834747 1.03333e-07 2.76861e-06 0.999997 
0.260000 0.411407 0.835853 1.03333e-07 2.76861e-06 0.999997 
0.260833 0.411242 0.836337 1.03333e-07 2.76861e-06 0.999997 
0.261667 0.410721 0.837865 1.03333e-07 2.76861e-06 0.999997 
0.262500 0.410341 0.838974 1.03333e-07 2.76861e-06 0.999997 
0.263333 0.410174 0.839458 1.03333e-07 2.76861e-06 0.999997 
0.264167 0.409647 0.840989 1.03333e-07 2.76861e-06 0.999997 
0.265000 0.409264 0.8421 1.03333e-07 2.76861e-06 0.999997 
0.265833 0.409096 0.842585 1.03333e-07 2.76861e-06 0.999997 
0.266667 0.408564 0.844119 1.03333e-07 2.76861e-06 0.999997 
0.267500 0.408177 0.845231 1.03333e-07 2.76861e-06 0.999997 
0.268333 0.408007 0.845717 1.03333e-07 2.76861e-06 0.999997 
0.269167 0.40747 0.847253 1.03333e-07 2.76861e-06 0.999997 
0.270000 0.407079 0.848367 1.03333e-07 2.76861e-06 0.999997 
0.270833 0.406907 0.848854 1.03333e-07 2.76861e-06 0.999997 
0.271667 0.406365 0.850392 1.03333e-07 2.76861e-06 0.999997 
0.272500 0.40597 0.851508 1.03333e-07 2.76861e-06 0.999997 
0.273333 0.405797 0.851995 1.03333e-07 2.76861e-06 0.999997 
0.274167 0.40525 0.853537 1.03333e-07 2.76861e-06 0.999997 
0.275000 0.404851 0.854654 9.16951e-08 0.155379 0.844621 
0.275833 0.404779 0.854988 9.16951e-08 0.155379 0.844621 
0.276667 0.404553 0.856043 9.16951e-08 0.155379 0.844621 
0.277500 0.404388 0.856808 9.16951e-08 0.155379 0.844621 
0.278333 0.404316 0.857142 9.16951e-08 0.155379 0.844621 
0.279167 0.404087 0.858198 9.16951e-08 0.155379 0.844621 
0.280000 0.40392 0.858963 9.16951e-08 0.155379 0.844621 
0.280833 0.403847 0.859298 9.16951e-08 0.155379 0.844621 
0.281667 0.403616 0.860354 9.16951e-08 0.155379 0.844621 
0.282500 0.403447 0.86112 9.16951e-08 0.155379 0.844621 
0.283333 0.403374 0.861455 9.16951e-08 0.155379 0.844621 
0.284167 0.40314 0.862512 9.16951e-08 0.155379 0.844621 
0.285000 0.40297 0.863279 9.16951e-08 0.155379 0.844621 
0.285833 0.402895 0.863614 9.16951e-08 0.155379 0.844621 
0.286667 0.402659 0.864672 9.16951e-08 0.155379 0.844621 
0.287500 0.402487 0.865439 9.16951e-08 0.155379 0.844621 
0.288333 0.402412 0.865775 9.16951e-08 0.155379 0.844621 
0.289167 0.402173 0.866834 9.16951e-08 0.155379 0.844621 
0.290000 0.402 0.867602 9.16951e-08 0.155379 0.844621 
0.290833 0.401924 0.867937 9.16951e-08 0.155379 0.844621 
0.291667 0.401683 0.868997 9.16951e-08 0.155379 0.844621 
0.292500 0.401507 0.869765 9.16951e-08 0.155379 0.844621 
0.293333 0.40143 0.870101 9.16951e-08 0.155379 0.844621 
0.294167 0.401187 0.871162 9.16951e-08 0.155379 0.844621 
0.295000 0.40101 0.871931 9.16951e-08 0.155379 0.844621 
0.295833 0.400932 0.872267 9.16951e-08 0.155379 0.844621 
0.296667 0.400686 0.873328 9.16951e-08 0.155379 0.844621 
0.297500 0.400507 0.874098 9.16951e-08 0.155379 0.844621 
0.298333 0.400429 0.874434 9.16951e-08 0.155379 0.844621 
0.299167 0.400181 0.875496 9.16951e-08 0.155379 0.844621 
0.300000 0.4 0.876267 8.94627e-08 0.273554 0.726446 
0.300833 0.400001 0.876483 8.94627e-08 0.273554 0.726446 
0.301667 0.400005 0.877165 8.94627e-08 0.273554 0.726446 
0.302500 0.400007 0.87766 8.94627e-08 0.273554 0.726446 
0.303333 0.400008 0.877876 8.94627e-08 0.273554 0.726446 
0.304167 0.400011 0.878559 8.94627e-08 0.273554 0.726446 
0.305000 0.400013 0.879054 8.94627e-08 0.273554 0.726446 
0.305833 0.400013 0.87927 8.94627e-08 0.273554 0.726446 
0.306667 0.400015 0.879953 8.94627e-08 0.273554 0.726446 
0.307500 0.400017 0.880448 8.94627e-08 0.273554 0.726446 
0.308333 0.400017 0.880664 8.94627e-08 0.273554 0.726446 
0.309167 0.400018 0.881348 8.94627e-08 0.273554 0.726446 
0.310000 0.400019 0.881843 8.94627e-08 0.273554 0.726446 
0.310833 0.400019 0.88206 8.94627e-08 0.273554 0.726446 
0.311667 0.40002 0.882743 8.94627e-08 0.273554 0.726446 
0.312500 0.40002 0.883239 8.94627e-08 0.273554 0.726446 
0.313333 0.40002 0.883455 8.94627e-08 0.273554 0.726446 
0.314167 0.40002 0.884139 8.94627e-08 0.273554 0.726446 
0.315000 0.400019 0.884635 8.94627e-08 0.273554 0.726446 
0.315833 0.400019 0.884852 8.94627e-08 0.273554 0.726446 
0.316667 0.400018 0.885536 8.94627e-08 0.273554 0.726446 
0.317500 0.400017 0.886032 8.94627e-08 0.273554 0.726446 
0.318333 0.400016 0.886249 8.94627e-08 0.273554 0.726446 
0.319167 0.400014 0.886934 8.94627e-08 0.273554 0.726446 
0.320000 0.400013 0.88743 8.94627e-08 0.273554 0.726446 
0.320833 0.400012 0.887647 8.94627e-08 0.273554 0.726446 
0.321667 0.400009 0.888332 8.94627e-08 0.273554 0.726446 
0.322500 0.400007 0.888828 8.94627e-08 0.273554 0.726446 
0.323333 0.400006 0.889045 8.94627e-08 0.273554 0.726446 
0.324167 0.400003 0.88973 8.94627e-08 0.273554 0.726446 
0.325000 0.4 0.890227 8.93556e-08 0.277056 0.722944 
0.325833 0.400001 0.89044 8.93556e-08 0.277056 0.722944 
0.326667 0.400005 0.891114 8.93556e-08 0.277056 0.722944 
0.327500 0.400007 0.891603 8.93556e-08 0.277056 0.722944 
0.328333 0.400008 0.891816 8.93556e-08 0.277056 0.722944 
0.329167 0.400011 0.892491 8.93556e-08 0.277056 0.722944 
0.330000 0.400012 0.89298 8.93556e-08 0.277056 0.722944 
0.330833 0.400013 0.893193 8.93556e-08 0.277056 0.722944 
0.331667 0.400015 0.893868 8.93556e-08 0.277056 0.722944 
0.332500 0.400016 0.894357 8.93556e-08 0.277056 0.722944 
0.333333 0.400017 0.89457 8.93556e-08 0.277056 0.722944 
0.334167 0.400018 0.895245 8.93556e-08 0.277056 0.722944 
0.335000 0.400018 0.895735 8.93556e-08 0.277056 0.722944 
0.335833 0.400019 0.895948 8.93556e-08 0.277056 0.722944 
0.336667 0.400019 0.896624 8.93556e-08 0.277056 0.722944 
0.337500 0.400019 0.897113 8.93556e-08 0.277056 0.722944 
0.338333 0.400019 0.897327 8.93556e-08 0.277056 0.722944 
0.339167 0.400019 0.898002 8.93556e-08 0.277056 0.722944 
0.340000 0.400019 0.898492 8.93556e-08 0.277056 0.722944 
0.340833 0.400018 0.898706 8.93556e-08 0.277056 0.722944 
0.341667 0.400017 0.899382 8.93556e-08 0.277056 0.722944 
0.342500 0.400016 0.899872 8.93556e-08 0.277056 0.722944 
0.343333 0.400016 0.900086 8.93556e-08 0.277056 0.722944 
0.344167 0.400014 0.900762 8.93556e-08 0.277056 0.722944 
0.345000 0.400012 0.901252 8.93556e-08 0.277056 0.722944 
0.345833 0.400012 0.901466 8.93556e-08 0.277056 0.722944 
0.346667 0.400009 0.902142 8.93556e-08 0.277056 0.722944 
0.347500 0.400007 0.902632 8.93556e-08 0.277056 0.722944 
0.348333 0.400006 0.902847 8.93556e-08 0.277056 0.722944 
0.349167 0.400003 0.903523 8.93556e-08 0.277056 0.722944 
0.350000 0.4 0.904014 8.96258e-08 0.28041 0.71959 
0.350833 0.400001 0.904224 8.96258e-08 0.28041 0.71959 
0.351667 0.400005 0.90489 8.96258e-08 0.28041 0.71959 
0.352500 0.400007 0.905373 8.96258e-08 0.28041 0.71959 
0.353333 0.400008 0.905584 8.96258e-08 0.28041 0.71959 
0.354167 0.40001 0.90625 8.96258e-08 0.28041 0.71959 
0.355000 0.400012 0.906733 8.96258e-08 0.28041 0.71959 
0.355833 0.400013 0.906943 8.96258e-08 0.28041 0.71959 
0.356667 0.400015 0.90761 8.96258e-08 0.28041 0.71959 
0.357500 0.400016 0.908093 8.96258e-08 0.28041 0.71959 
0.358333 0.400016 0.908304 8.96258e-08 0.28041 0.71959 
0.359167 0.400017 0.90897 8.96258e-08 0.28041 0.71959 
0.360000 0.400018 0.909453 8.96258e-08 0.28041 0.71959 
0.360833 0.400018 0.909665 8.96258e-08 0.28041 0.71959 
0.361667 0.400019 0.910331 8.96258e-08 0.28041 0.71959 
0.362500 0.400019 0.910815 8.96258e-08 0.28041 0.71959 
0.363333 0.400019 0.911026 8.96258e-08 0.28041 0.71959 
0.364167 0.400018 0.911693 8.96258e-08 0.28041 0.71959 
0.365000 0.400018 0.912177 8.96258e-08 0.28041 0.71959 
0.365833 0.400018 0.912388 8.96258e-08 0.28041 0.71959 
0.366667 0.400017 0.913055 8.96258e-08 0.28041 0.71959 
0.367500 0.400016 0.913539 8.96258e-08 0.28041 0.71959 
0.368333 0.400015 0.91375 8.96258e-08 0.28041 0.71959 
0.369167 0.400014 0.914418 8.96258e-08 0.28041 0.71959 
0.370000 0.400012 0.914902 8.96258e-08 0.28041 0.71959 
0.370833 0.400011 0.915113 8.96258e-08 0.28041 0.71959 
0.371667 0.400009 0.915781 8.96258e-08 0.28041 0.71959 
0.372500 0.400007 0.916265 8.96258e-08 0.28041 0.71959 
0.373333 0.400006 0.916477 8.96258e-08 0.28041 0.71959 
0.374167 0.400003 0.917145 8.96258e-08 0.28041 0.71959 
0.375000 0.4 0.917629 9.02865e-08 0.283625 0.716375 
0.375833 0.400001 0.917837 9.02865e-08 0.283625 0.716375 
0.376667 0.400004 0.918495 9.02865e-08 0.283625 0.716375 
0.377500 0.400007 0.918972 9.02865e-08 0.283625 0.716375 
0.378333 0.400007 0.91918 9.02865e-08 0.283625 0.716375 
0.379167 0.40001 0.919838 9.02865e-08 0.283625 0.716375 
0.380000 0.400012 0.920315 9.02865e-08 0.283625 0.716375 
0.380833 0.400012 0.920523 9.02865e-08 0.283625 0.716375 
0.381667 0.400014 0.921181 9.02865e-08 0.283625 0.716375 
0.382500 0.400015 0.921658 9.02865e-08 0.283625 0.716375 
0.383333 0.400016 0.921866 9.02865e-08 0.283625 0.716375 
0.384167 0.400017 0.922525 9.02865e-08 0.283625 0.716375 
0.385000 0.400018 0.923002 9.02865e-08 0.283625 0.716375 
0.385833 0.400018 0.92321 9.02865e-08 0.283625 0.716375 
0.386667 0.400018 0.923869 9.02865e-08 0.283625 0.716375 
0.387500 0.400018 0.924346 9.02865e-08 0.283625 0.716375 
0.388333 0.400018 0.924555 9.02865e-08 0.283625 0.716375 
0.389167 0.400018 0.925214 9.02865e-08 0.283625 0.716375 
0.390000 0.400018 0.925691 9.02865e-08 0.283625 0.716375 
0.390833 0.400017 0.9259 9.02865e-08 0.283625 0.716375 
0.391667 0.400016 0.926559 9.02865e-08 0.283625 0.716375 
0.392500 0.400015 0.927037 9.02865e-08 0.283625 0.716375 
0.393333 0.400015 0.927245 9.02865e-08 0.283625 0.716375 
0.394167 0.400013 0.927905 9.02865e-08 0.283625 0.716375 
0.395000 0.400012 0.928382 9.02865e-08 0.283625 0.716375 
0.395833 0.400011 0.928591 9.02865e-08 0.283625 0.716375 
0.396667 0.400009 0.929251 9.02865e-08 0.283625 0.716375 
0.397500 0.400007 0.929729 9.02865e-08 0.283625 0.716375 
0.398333 0.400006 0.929938 9.02865e-08 0.283625 0.716375 
0.399167 0.400003 0.930597 9.02865e-08 0.283625 0.716375 
0.400000 0.4 0.931076 9.13605e-08 0.286709 0.713291 
0.400833 0.400001 0.931281 9.13605e-08 0.286709 0.713291 
0.401667 0.400004 0.931931 9.13605e-08 0.286709 0.713291 
0.402500 0.400006 0.932402 9.13605e-08 0.286709 0.713291 
0.403333 0.400007 0.932607 9.13605e-08 0.286709 0.713291 
0.404167 0.40001 0.933257 9.13605e-08 0.286709 0.713291 
0.405000 0.400011 0.933728 9.13605e-08 0.286709 0.713291 
0.405833 0.400012 0.933933 9.13605e-08 0.286709 0.713291 
0.406667 0.400014 0.934583 9.13605e-08 0.286709 0.713291 
0.407500 0.400015 0.935055 9.13605e-08 0.286709 0.713291 
0.408333 0.400015 0.93526 9.13605e-08 0.286709 0.713291 
0.409167 0.400016 0.935911 9.13605e-08 0.286709 0.713291 
0.410000 0.400017 0.936382 9.13605e-08 0.286709 0.713291 
0.410833 0.400017 0.936588 9.13605e-08 0.286709 0.713291 
0.411667 0.400018 0.937238 9.13605e-08 0.286709 0.713291 
0.412500 0.400018 0.93771 9.13605e-08 0.286709 0.713291 
0.413333 0.400018 0.937915 9.13605e-08 0.286709 0.713291 
0.414167 0.400018 0.938566 9.13605e-08 0.286709 0.713291 
0.415000 0.400017 0.939038 9.13605e-08 0.286709 0.713291 
0.415833 0.400017 0.939244 9.13605e-08 0.286709 0.713291 
0.416667 0.400016 0.939895 9.13605e-08 0.286709 0.713291 
0.417500 0.400015 0.940366 9.13605e-08 0.286709 0.713291 
0.418333 0.400015 0.940572 9.13605e-08 0.286709 0.713291 
0.419167 0.400013 0.941224 9.13605e-08 0.286709 0.713291 
0.420000 0.400011 0.941695 9.13605e-08 0.286709 0.713291 
0.420833 0.400011 0.941902 9.13605e-08 0.286709 0.713291 
0.421667 0.400008 0.942553 9.13605e-08 0.286709 0.713291 
0.422500 0.400007 0.943025 9.13605e-08 0.286709 0.713291 
0.423333 0.400006 0.943231 9.13605e-08 0.286709 0.713291 
0.424167 0.400003 0.943883 9.13605e-08 0.286709 0.713291 
0.425000 0.4 0.944355 9.28817e-08 0.28967 0.71033 
0.425833 0.400001 0.944558 9.28817e-08 0.28967 0.71033 
0.426667 0.400004 0.945199 9.28817e-08 0.28967 0.71033 
0.427500 0.400006 0.945664 9.28817e-08 0.28967 0.71033 
0.428333 0.400007 0.945868 9.28817e-08 0.28967 0.71033 
0.429167 0.40001 0.946509 9.28817e-08 0.28967 0.71033 
0.430000 0.400011 0.946974 9.28817e-08 0.28967 0.71033 
0.430833 0.400012 0.947178 9.28817e-08 0.28967 0.71033 
0.431667 0.400014 0.947819 9.28817e-08 0.28967 0.71033 
0.432500 0.400015 0.948285 9.28817e-08 0.28967 0.71033 
0.433333 0.400015 0.948488 9.28817e-08 0.28967 0.71033 
0.434167 0.400016 0.94913 9.28817e-08 0.28967 0.71033 
0.435000 0.400017 0.949596 9.28817e-08 0.28967 0.71033 
0.435833 0.400017 0.949799 9.28817e-08 0.28967 0.71033 
0.436667 0.400017 0.950441 9.28817e-08 0.28967 0.71033 
0.437500 0.400017 0.950907 9.28817e-08 0.28967 0.71033 
0.438333 0.400017 0.95111 9.28817e-08 0.28967 0.71033 
0.439167 0.400017 0.951753 9.28817e-08 0.28967 0.71033 
0.440000 0.400017 0.952218 9.28817e-08 0.28967 0.71033 
0.440833 0.400016 0.952422 9.28817e-08 0.28967 0.71033 
0.441667 0.400016 0.953065 9.28817e-08 0.28967 0.71033 
0.442500 0.400015 0.953531 9.28817e-08 0.28967 0.71033 
0.443333 0.400014 0.953734 9.28817e-08 0.28967 0.71033 
0.444167 0.400013 0.954377 9.28817e-08 0.28967 0.71033 
0.445000 0.400011 0.954843 9.28817e-08 0.28967 0.71033 
0.445833 0.400011 0.955047 9.28817e-08 0.28967 0.71033 
0.446667 0.400008 0.95569 9.28817e-08 0.28967 0.71033 
0.447500 0.400006 0.956156 9.28817e-08 0.28967 0.71033 
0.448333 0.400006 0.95636 9.28817e-08 0.28967 0.71033 
0.449167 0.400003 0.957003 9.28817e-08 0.28967 0.71033 
0.450000 0.4 0.957469 9.48973e-08 0.292514 0.707486 
0.450833 0.400001 0.95767 9.48973e-08 0.292514 0.707486 
0.451667 0.400004 0.958303 9.48973e-08 0.292514 0.707486 
0.452500 0.400006 0.958763 9.48973e-08 0.292514 0.707486 
0.453333 0.400007 0.958963 9.48973e-08 0.292514 0.707486 
0.454167 0.400009 0.959597 9.48973e-08 0.292514 0.707486 
0.455000 0.400011 0.960056 9.48973e-08 0.292514 0.707486 
0.455833 0.400012 0.960257 9.48973e-08 0.292514 0.707486 
0.456667 0.400013 0.960891 9.48973e-08 0.292514 0.707486 
0.457500 0.400014 0.961351 9.48973e-08 0.292514 0.707486 
0.458333 0.400015 0.961551 9.48973e-08 0.292514 0.707486 
0.459167 0.400016 0.962185 9.48973e-08 0.292514 0.707486 
0.460000 0.400016 0.962645 9.48973e-08 0.292514 0.707486 
0.460833 0.400017 0.962846 9.48973e-08 0.292514 0.707486 
0.461667 0.400017 0.96348 9.48973e-08 0.292514 0.707486 
0.462500 0.400017 0.96394 9.48973e-08 0.292514 0.707486 
0.463333 0.400017 0.964141 9.48973e-08 0.292514 0.707486 
0.464167 0.400017 0.964775 9.48973e-08 0.292514 0.707486 
0.465000 0.400016 0.965235 9.48973e-08 0.292514 0.707486 
0.465833 0.400016 0.965436 9.48973e-08 0.292514 0.707486 
0.466667 0.400015 0.966071 9.48973e-08 0.292514 0.707486 
0.467500 0.400014 0.966531 9.48973e-08 0.292514 0.707486 
0.468333 0.400014 0.966732 9.48973e-08 0.292514 0.707486 
0.469167 0.400012 0.967367 9.48973e-08 0.292514 0.707486 
0.470000 0.400011 0.967827 9.48973e-08 0.292514 0.707486 
0.470833 0.40001 0.968028 9.48973e-08 0.292514 0.707486 
0.471667 0.400008 0.968663 9.48973e-08 0.292514 0.707486 
0.472500 0.400006 0.969124 9.48973e-08 0.292514 0.707486 
0.473333 0.400005 0.969325 9.48973e-08 0.292514 0.707486 
0.474167 0.400003 0.96996 9.48973e-08 0.292514 0.707486 
0.475000 0.4 0.970421 9.74713e-08 0.295251 0.704749 
0.475833 0.400001 0.970619 9.74713e-08 0.295251 0.704749 
0.476667 0.400004 0.971244 9.74713e-08 0.295251 0.704749 
0.477500 0.400006 0.971698 9.74713e-08 0.295251 0.704749 
0.478333 0.400007 0.971896 9.74713e-08 0.295251 0.704749 
0.479167 0.400009 0.972522 9.74713e-08 0.295251 0.704749 
0.480000 0.400011 0.972976 9.74713e-08 0.295251 0.704749 
0.480833 0.400011 0.973174 9.74713e-08 0.295251 0.704749 
0.481667 0.400013 0.9738 9.74713e-08 0.295251 0.704749 
0.482500 0.400014 0.974254 9.74713e-08 0.295251 0.704749 
0.483333 0.400014 0.974452 9.74713e-08 0.295251 0.704749 
0.484167 0.400015 0.975078 9.74713e-08 0.295251 0.704749 
0.485000 0.400016 0.975532 9.74713e-08 0.295251 0.704749 
0.485833 0.400016 0.975731 9.74713e-08 0.295251 0.704749 
0.486667 0.400017 0.976357 9.74713e-08 0.295251 0.704749 
0.487500 0.400017 0.976811 9.74713e-08 0.295251 0.704749 
0.488333 0.400017 0.97701 9.74713e-08 0.295251 0.704749 
0.489167 0.400016 0.977636 9.74713e-08 0.295251 0.704749 
0.490000 0.400016 0.97809 9.74713e-08 0.295251 0.704749 
0.490833 0.400016 0.978289 9.74713e-08 0.295251 0.704749 
0.491667 0.400015 0.978916 9.74713e-08 0.295251 0.704749 
0.492500 0.400014 0.97937 9.74713e-08 0.295251 0.704749 
0.493333 0.400014 0.979568 9.74713e-08 0.295251 0.704749 
0.494167 0.400012 0.980195 9.74713e-08 0.295251 0.704749 
0.495000 0.400011 0.98065 9.74713e-08 0.295251 0.704749 
0.495833 0.40001 0.980848 9.74713e-08 0.295251 0.704749 
0.496667 0.400008 0.981476 9.74713e-08 0.295251 0.704749 
0.497500 0.400006 0.98193 9.74713e-08 0.295251 0.704749 
0.498333 0.400006 0.982129 9.74713e-08 0.295251 0.704749 
0.499167 0.400003 0.982756 9.74713e-08 0.295251 0.704749 
0.500000 0.4 0.983211 1.0069e-07 0.297919 0.702081 
0.500833 0.400001 0.983406 1.0069e-07 0.297919 0.702081 
0.501667 0.400004 0.984024 1.0069e-07 0.297919 0.702081 
0.502500 0.400006 0.984472 1.0069e-07 0.297919 0.702081 
0.503333 0.400007 0.984668 1.0069e-07 0.297919 0.702081 
0.504167 0.40001 0.985286 1.0069e-07 0.297919 0.702081 
0.505000 0.400011 0.985734 1.0069e-07 0.297919 0.702081 
0.505833 0.400012 0.98593 1.0069e-07 0.297919 0.702081 
0.506667 0.400013 0.986548 1.0069e-07 0.297919 0.702081 
0.507500 0.400014 0.986996 1.0069e-07 0.297919 0.702081 
0.508333 0.400015 0.987192 1.0069e-07 0.297919 0.702081 
0.509167 0.400016 0.98781 1.0069e-07 0.297919 0.702081 
0.510000 0.400017 0.988258 1.0069e-07 0.297919 0.702081 
0.510833 0.400017 0.988454 1.0069e-07 0.297919 0.702081 
0.511667 0.400017 0.989073 1.0069e-07 0.297919 0.702081 
0.512500 0.400017 0.989521 1.0069e-07 0.297919 0.702081 
0.513333 0.400017 0.989717 1.0069e-07 0.297919 0.702081 
0.514167 0.400017 0.990336 1.0069e-07 0.297919 0.702081 
0.515000 0.400017 0.990784 1.0069e-07 0.297919 0.702081 
0.515833 0.400017 0.99098 1.0069e-07 0.297919 0.702081 
0.516667 0.400016 0.991599 1.0069e-07 0.297919 0.702081 
0.517500 0.400015 0.992047 1.0069e-07 0.297919 0.702081 
0.518333 0.400015 0.992243 1.0069e-07 0.297919 0.702081 
0.519167 0.400014 0.992862 1.0069e-07 0.297919 0.702081 
0.520000 0.400012 0.993311 1.0069e-07 0.297919 0.702081 
0.520833 0.400012 0.993507 1.0069e-07 0.297919 0.702081 
0.521667 0.40001 0.994126 1.0069e-07 0.297919 0.702081 
0.522500 0.400008 0.994575 1.0069e-07 0.297919 0.702081 
0.523333 0.400007 0.994771 1.0069e-07 0.297919 0.702081 
0.524167 0.400005 0.99539 1.0069e-07 0.297919 0.702081 
0.525000 0.400003 0.995839 1.15551e-07 0.981525 0.0184747 
0.525833 0.400529 0.995244 1.15551e-07 0.981525 0.0184747 
0.526667 0.402194 0.993368 1.15551e-07 0.981525 0.0184747 
0.527500 0.4034 0.992012 1.15551e-07 0.981525 0.0184747 
0.528333 0.403927 0.991421 1.15551e-07 0.981525 0.0184747 
0.529167 0.405591 0.989558 1.15551e-07 0.981525 0.0184747 
0.530000 0.406796 0.988211 1.15551e-07 0.981525 0.0184747 
0.530833 0.407323 0.987624 1.15551e-07 0.981525 0.0184747 
0.531667 0.408987 0.985774 1.15551e-07 0.981525 0.0184747 
0.532500 0.410192 0.984437 1.15551e-07 0.981525 0.0184747 
0.533333 0.410719 0.983855 1.15551e-07 0.981525 0.0184747 
0.534167 0.412382 0.982018 1.15551e-07 0.981525 0.0184747 
0.535000 0.413588 0.980691 1.15551e-07 0.981525 0.0184747 
0.535833 0.414114 0.980112 1.15551e-07 0.981525 0.0184747 
0.536667 0.415777 0.978288 1.15551e-07 0.981525 0.0184747 
0.537500 0.416983 0.97697 1.15551e-07 0.981525 0.0184747 
0.538333 0.417509 0.976396 1.15551e-07 0.981525 0.0184747 
0.539167 0.419172 0.974585 1.15551e-07 0.981525 0.0184747 
0.540000 0.420377 0.973276 1.15551e-07 0.981525 0.0184747 
0.540833 0.420903 0.972706 1.15551e-07 0.981525 0.0184747 
0.541667 0.422566 0.970908 1.15551e-07 0.981525 0.0184747 
0.542500 0.423771 0.969609 1.15551e-07 0.981525 0.0184747 
0.543333 0.424297 0.969043 1.15551e-07 0.981525 0.0184747 
0.544167 0.42596 0.967258 1.15551e-07 0.981525 0.0184747 
0.545000 0.427165 0.965968 1.15551e-07 0.981525 0.0184747 
0.545833 0.427691 0.965406 1.15551e-07 0.981525 0.0184747 
0.546667 0.429353 0.963633 1.15551e-07 0.981525 0.0184747 
0.547500 0.430558 0.962353 1.15551e-07 0.981525 0.0184747 
0.548333 0.431084 0.961795 1.15551e-07 0.981525 0.0184747 
0.549167 0.432747 0.960035 1.15551e-07 0.981525 0.0184747 
0.550000 0.433952 0.958764 1.48854e-07 0.999956 4.38741e-05 
0.550833 0.434491 0.958189 1.48854e-07 0.999956 4.38741e-05 
0.551667 0.436197 0.956378 1.48854e-07 0.999956 4.38741e-05 
0.552500 0.437433 0.955069 1.48854e-07 0.999956 4.38741e-05 
0.553333 0.437973 0.954498 1.48854e-07 0.999956 4.38741e-05 
0.554167 0.439678 0.9527 1.48854e-07 0.999956 4.38741e-05 
0.555000 0.440914 0.951401 1.48854e-07 0.999956 4.38741e-05 
0.555833 0.441453 0.950835 1.48854e-07 0.999956 4.38741e-05 
0.556667 0.443158 0.94905 1.48854e-07 0.999956 4.38741e-05 
0.557500 0.444394 0.94776 1.48854e-07 0.999956 4.38741e-05 
0.558333 0.444934 0.947198 1.48854e-07 0.999956 4.38741e-05 
0.559167 0.446638 0.945426 1.48854e-07 0.999956 4.38741e-05 
0.560000 0.447874 0.944146 1.48854e-07 0.999956 4.38741e-05 
0.560833 0.448414 0.943588 1.48854e-07 0.999956 4.38741e-05 
0.561667 0.450118 0.941829 1.48854e-07 0.999956 4.38741e-05 
0.562500 0.451354 0.940558 1.48854e-07 0.999956 4.38741e-05 
0.563333 0.451893 0.940005 1.48854e-07 0.999956 4.38741e-05 
0.564167 0.453598 0.938259 1.48854e-07 0.999956 4.38741e-05 
0.565000 0.454833 0.936998 1.48854e-07 0.999956 4.38741e-05 
0.565833 0.455373 0.936448 1.48854e-07 0.999956 4.38741e-05 
0.566667 0.457077 0.934715 1.48854e-07 0.999956 4.38741e-05 
0.567500 0.458312 0.933463 1.48854e-07 0.999956 4.38741e-05 
0.568333 0.458852 0.932917 1.48854e-07 0.999956 4.38741e-05 
0.569167 0.460556 0.931198 1.48854e-07 0.999956 4.38741e-05 
0.570000 0.461792 0.929955 1.48854e-07 0.999956 4.38741e-05 
0.570833 0.462331 0.929413 1.48854e-07 0.999956 4.38741e-05 
0.571667 0.464036 0.927706 1.48854e-07 0.999956 4.38741e-05 
0.572500 0.465271 0.926473 1.48854e-07 0.999956 4.38741e-05 
0.573333 0.46581 0.925936 1.48854e-07 0.999956 4.38741e-05 
0.574167 0.467515 0.924241 1.48854e-07 0.999956 4.38741e-05 
0.575000 0.46875 0.923017 1.97089e-07 0.999983 1.68865e-05 
0.575833 0.469289 0.922484 1.97089e-07 0.999983 1.68865e-05 
0.576667 0.470994 0.920802 1.97089e-07 0.999983 1.68865e-05 
0.577500 0.472229 0.919587 1.97089e-07 0.999983 1.68865e-05 
0.578333 0.472769 0.919058 1.97089e-07 0.999983 1.68865e-05 
0.579167 0.474474 0.917388 1.97089e-07 0.999983 1.68865e-05 
0.580000 0.475709 0.916183 1.97089e-07 0.999983 1.68865e-05 
0.580833 0.476248 0.915657 1.97089e-07 0.999983 1.68865e-05 
0.581667 0.477953 0.914001 1.97089e-07 0.999983 1.68865e-05 
0.582500 0.479189 0.912804 1.97089e-07 0.999983 1.68865e-05 
0.583333 0.479728 0.912282 1.97089e-07 0.999983 1.68865e-05 
0.584167 0.481433 0.910638 1.97089e-07 0.999983 1.68865e-05 
0.585000 0.482669 0.909451 1.97089e-07 0.999983 1.68865e-05 
0.585833 0.483208 0.908933 1.97089e-07 0.999983 1.68865e-05 
0.586667 0.484913 0.907302 1.97089e-07 0.999983 1.68865e-05 
0.587500 0.486149 0.906123 1.97089e-07 0.999983 1.68865e-05 
0.588333 0.486689 0.905609 1.97089e-07 0.999983 1.68865e-05 
0.589167 0.488394 0.90399 1.97089e-07 0.999983 1.68865e-05 
0.590000 0.48963 0.902821 1.97089e-07 0.999983 1.68865e-05 
0.590833 0.49017 0.902311 1.97089e-07 0.999983 1.68865e-05 
0.591667 0.491875 0.900704 1.97089e-07 0.999983 1.68865e-05 
0.592500 0.493111 0.899543 1.97089e-07 0.999983 1.68865e-05 
0.593333 0.493651 0.899037 1.97089e-07 0.999983 1.68865e-05 
0.594167 0.495357 0.897443 1.97089e-07 0.999983 1.68865e-05 
0.595000 0.496593 0.896291 1.97089e-07 0.999983 1.68865e-05 
0.595833 0.497133 0.895789 1.97089e-07 0.999983 1.68865e-05 
0.596667 0.498839 0.894206 1.97089e-07 0.999983 1.68865e-05 
0.597500 0.500076 0.893063 1.97089e-07 0.999983 1.68865e-05 
0.598333 0.500616 0.892565 1.97089e-07 0.999983 1.68865e-05 
0.599167 0.502322 0.890995 1.97089e-07 0.999983 1.68865e-05 
0.600000 0.503559 0.889861 2.70134e-07 0.99999 9.69403e-06 
0.600833 0.504099 0.889366 2.70134e-07 0.99999 9.69403e-06 
0.601667 0.505806 0.887808 2.70134e-07 0.99999 9.69403e-06 
0.602500 0.507043 0.886683 2.70134e-07 0.99999 9.69403e-06 
0.603333 0.507583 0.886192 2.70134e-07 0.99999 9.69403e-06 
0.604167 0.50929 0.884646 2.70134e-07 0.99999 9.69403e-06 
0.605000 0.510527 0.883529 2.70134e-07 0.99999 9.69403e-06 
0.605833 0.511068 0.883042 2.70134e-07 0.99999 9.69403e-06 
0.606667 0.512775 0.881508 2.70134e-07 0.99999 9.69403e-06 
0.607500 0.514013 0.8804 2.70134e-07 0.99999 9.69403e-06 
0.608333 0.514553 0.879917 2.70134e-07 0.99999 9.69403e-06 
0.609167 0.516261 0.878395 2.70134e-07 0.99999 9.69403e-06 
0.610000 0.517499 0.877295 2.70134e-07 0.99999 9.69403e-06 
0.610833 0.51804 0.876816 2.70134e-07 0.99999 9.69403e-06 
0.611667 0.519748 0.875306 2.70134e-07 0.99999 9.69403e-06 
0.612500 0.520987 0.874215 2.70134e-07 0.99999 9.69403e-06 
0.613333 0.521528 0.873739 2.70134e-07 0.99999 9.69403e-06 
0.614167 0.523237 0.872241 2.70134e-07 0.99999 9.69403e-06 
0.615000 0.524475 0.871158 2.70134e-07 0.99999 9.69403e-06 
0.615833 0.525016 0.870686 2.70134e-07 0.99999 9.69403e-06 
0.616667 0.526726 0.8692 2.70134e-07 0.99999 9.69403e-06 
0.617500 0.527965 0.868126 2.70134e-07 0.99999 9.69403e-06 
0.618333 0.528506 0.867658 2.70134e-07 0.99999 9.69403e-06 
0.619167 0.530216 0.866182 2.70134e-07 0.99999 9.69403e-06 
0.620000 0.531456 0.865117 2.70134e-07 0.99999 9.69403e-06 
0.620833 0.531997 0.864653 2.70134e-07 0.99999 9.69403e-06 
0.621667 0.533708 0.863189 2.70134e-07 0.99999 9.69403e-06 
0.622500 0.534948 0.862132 2.70134e-07 0.99999 9.69403e-06 
0.623333 0.535489 0.861671 2.70134e-07 0.99999 9.69403e-06 
0.624167 0.5372 0.860219 2.70134e-07 0.99999 9.69403e-06 
0.625000 0.538441 0.85917 3.89385e-07 0.999993 6.41785e-06 
0.625833 0.538983 0.858713 3.89385e-07 0.999993 6.41785e-06 
0.626667 0.540695 0.857273 3.89385e-07 0.999993 6.41785e-06 
0.627500 0.541936 0.856232 3.89385e-07 0.999993 6.41785e-06 
0.628333 0.542478 0.855779 3.89385e-07 0.999993 6.41785e-06 
0.629167 0.54419 0.85435 3.89385e-07 0.999993 6.41785e-06 
0.630000 0.545432 0.853318 3.89385e-07 0.999993 6.41785e-06 
0.630833 0.545974 0.852868 3.89385e-07 0.999993 6.41785e-06 
0.631667 0.547687 0.85145 3.89385e-07 0.999993 6.41785e-06 
0.632500 0.548929 0.850426 3.89385e-07 0.999993 6.41785e-06 
0.633333 0.549472 0.84998 3.89385e-07 0.999993 6.41785e-06 
0.634167 0.551186 0.848574 3.89385e-07 0.999993 6.41785e-06 
0.635000 0.552428 0.847558 3.89385e-07 0.999993 6.41785e-06 
0.635833 0.552971 0.847116 3.89385e-07 0.999993 6.41785e-06 
0.636667 0.554686 0.845721 3.89385e-07 0.999993 6.41785e-06 
0.637500 0.555929 0.844713 3.89385e-07 0.999993 6.41785e-06 
0.638333 0.556472 0.844274 3.89385e-07 0.999993 6.41785e-06 
0.639167 0.558188 0.84289 3.89385e-07 0.999993 6.41785e-06 
0.640000 0.559432 0.841891 3.89385e-07 0.999993 6.41785e-06 
0.640833 0.559975 0.841455 3.89385e-07 0.999993 6.41785e-06 
0.641667 0.561691 0.840083 3.89385e-07 0.999993 6.41785e-06 
0.642500 0.562936 0.839091 3.89385e-07 0.999993 6.41785e-06 
0.643333 0.563479 0.838659 3.89385e-07 0.999993 6.41785e-06 
0.644167 0.565197 0.837298 3.89385e-07 0.999993 6.41785e-06 
0.645000 0.566442 0.836315 3.89385e-07 0.999993 6.41785e-06 
0.645833 0.566986 0.835886 3.89385e-07 0.999993 6.41785e-06 
0.646667 0.568704 0.834536 3.89385e-07 0.999993 6.41785e-06 
0.647500 0.56995 0.833561 3.89385e-07 0.999993 6.41785e-06 
0.648333 0.570494 0.833135 3.89385e-07 0.999993 6.41785e-06 
0.649167 0.572213 0.831796 3.89385e-07 0.999993 6.41785e-06 
0.650000 0.573459 0.830829 6.06926e-07 0.999995 4.55155e-06 
0.650833 0.574004 0.830407 6.06926e-07 0.999995 4.55155e-06 
0.651667 0.575724 0.829079 6.06926e-07 0.999995 4.55155e-06 
0.652500 0.576971 0.82812 6.06926e-07 0.999995 4.55155e-06 
0.653333 0.577516 0.827701 6.06926e-07 0.999995 4.55155e-06 
0.654167 0.579237 0.826384 6.06926e-07 0.999995 4.55155e-06 
0.655000 0.580485 0.825433 6.06926e-07 0.999995 4.55155e-06 
0.655833 0.58103 0.825018 6.06926e-07 0.999995 4.55155e-06 
0.656667 0.582752 0.823711 6.06926e-07 0.999995 4.55155e-06 
0.657500 0.584001 0.822768 6.06926e-07 0.999995 4.55155e-06 
0.658333 0.584546 0.822356 6.06926e-07 0.999995 4.55155e-06 
0.659167 0.586269 0.821061 6.06926e-07 0.999995 4.55155e-06 
0.660000 0.587519 0.820125 6.06926e-07 0.999995 4.55155e-06 
0.660833 0.588064 0.819717 6.06926e-07 0.999995 4.55155e-06 
0.661667 0.589789 0.818432 6.06926e-07 0.999995 4.55155e-06 
0.662500 0.591039 0.817504 6.06926e-07 0.999995 4.55155e-06 
0.663333 0.591585 0.8171 6.06926e-07 0.999995 4.55155e-06 
0.664167 0.59331 0.815825 6.06926e-07 0.999995 4.55155e-06 
0.665000 0.594561 0.814905 6.06926e-07 0.999995 4.55155e-06 
0.665833 0.595108 0.814504 6.06926e-07 0.999995 4.55155e-06 
0.666667 0.596834 0.81324 6.06926e-07 0.999995 4.55155e-06 
0.667500 0.598086 0.812328 6.06926e-07 0.999995 4.55155e-06 
0.668333 0.598633 0.81193 6.06926e-07 0.999995 4.55155e-06 
0.669167 0.600361 0.810677 6.06926e-07 0.999995 4.55155e-06 
0.670000 0.601613 0.809772 6.06926e-07 0.999995 4.55155e-06 
0.670833 0.60216 0.809378 6.06926e-07 0.999995 4.55155e-06 
0.671667 0.603889 0.808135 6.06926e-07 0.999995 4.55155e-06 
0.672500 0.605143 0.807238 6.06926e-07 0.999995 4.55155e-06 
0.673333 0.60569 0.806847 6.06926e-07 0.999995 4.55155e-06 
0.674167 0.607421 0.805615 6.06926e-07 0.999995 4.55155e-06 
0.675000 0.608675 0.804726 1.0769e-06 0.999996 3.2794e-06 
0.675833 0.609223 0.804338 1.0769e-06 0.999996 3.2794e-06 
0.676667 0.610955 0.803116 1.0769e-06 0.999996 3.2794e-06 
0.677500 0.61221 0.802234 1.0769e-06 0.999996 3.2794e-06 
0.678333 0.612758 0.80185 1.0769e-06 0.999996 3.2794e-06 
0.679167 0.614491 0.800639 1.0769e-06 0.999996 3.2794e-06 
0.680000 0.615747 0.799764 1.0769e-06 0.999996 3.2794e-06 
0.680833 0.616296 0.799383 1.0769e-06 0.999996 3.2794e-06 
0.681667 0.61803 0.798183 1.0769e-06 0.999996 3.2794e-06 
0.682500 0.619287 0.797315 1.0769e-06 0.999996 3.2794e-06 
0.683333 0.619837 0.796938 1.0769e-06 0.999996 3.2794e-06 
0.684167 0.621572 0.795747 1.0769e-06 0.999996 3.2794e-06 
0.685000 0.62283 0.794888 1.0769e-06 0.999996 3.2794e-06 
0.685833 0.62338 0.794513 1.0769e-06 0.999996 3.2794e-06 
0.686667 0.625117 0.793333 1.0769e-06 0.999996 3.2794e-06 
0.687500 0.626376 0.792481 1.0769e-06 0.999996 3.2794e-06 
0.688333 0.626926 0.792109 1.0769e-06 0.999996 3.2794e-06 
0.689167 0.628664 0.79094 1.0769e-06 0.999996 3.2794e-06 
0.690000 0.629925 0.790095 1.0769e-06 0.999996 3.2794e-06 
0.690833 0.630475 0.789727 1.0769e-06 0.999996 3.2794e-06 
0.691667 0.632215 0.788567 1.0769e-06 0.999996 3.2794e-06 
0.692500 0.633476 0.787729 1.0769e-06 0.999996 3.2794e-06 
0.693333 0.634027 0.787365 1.0769e-06 0.999996 3.2794e-06 
0.694167 0.635768 0.786215 1.0769e-06 0.999996 3.2794e-06 
0.695000 0.637031 0.785385 1.0769e-06 0.999996 3.2794e-06 
0.695833 0.637582 0.785023 1.0769e-06 0.999996 3.2794e-06 
0.696667 0.639325 0.783884 1.0769e-06 0.999996 3.2794e-06 
0.697500 0.640588 0.783061 1.0769e-06 0.999996 3.2794e-06 
0.698333 0.64114 0.782702 1.0769e-06 0.999996 3.2794e-06 
0.699167 0.642884 0.781573 1.0769e-06 0.999996 3.2794e-06 
0.700000 0.644149 0.780757 2.33552e-06 0.999995 2.24357e-06 
0.700833 0.644701 0.780402 2.33552e-06 0.999995 2.24357e-06 
0.701667 0.646447 0.779282 2.33552e-06 0.999995 2.24357e-06 
0.702500 0.647713 0.778474 2.33552e-06 0.999995 2.24357e-06 
0.703333 0.648266 0.778122 2.33552e-06 0.999995 2.24357e-06 
0.704167 0.650013 0.777012 2.33552e-06 0.999995 2.24357e-06 
0.705000 0.65128 0.776211 2.33552e-06 0.999995 2.24357e-06 
0.705833 0.651833 0.775862 2.33552e-06 0.999995 2.24357e-06 
0.706667 0.653582 0.774762 2.33552e-06 0.999995 2.24357e-06 
0.707500 0.65485 0.773968 2.33552e-06 0.999995 2.24357e-06 
0.708333 0.655404 0.773622 2.33552e-06 0.999995 2.24357e-06 
0.709167 0.657155 0.772533 2.33552e-06 0.999995 2.24357e-06 
0.710000 0.658424 0.771746 2.33552e-06 0.999995 2.24357e-06 
0.710833 0.658978 0.771403 2.33552e-06 0.999995 2.24357e-06 
0.711667 0.66073 0.770323 2.33552e-06 0.999995 2.24357e-06 
0.712500 0.662001 0.769543 2.33552e-06 0.999995 2.24357e-06 
0.713333 0.662556 0.769203 2.33552e-06 0.999995 2.24357e-06 
0.714167 0.66431 0.768133 2.33552e-06 0.999995 2.24357e-06 
0.715000 0.665582 0.76736 2.33552e-06 0.999995 2.24357e-06 
0.715833 0.666137 0.767024 2.33552e-06 0.999995 2.24357e-06 
0.716667 0.667893 0.765963 2.33552e-06 0.999995 2.24357e-06 
0.717500 0.669166 0.765197 2.33552e-06 0.999995 2.24357e-06 
0.718333 0.669722 0.764864 2.33552e-06 0.999995 2.24357e-06 
0.719167 0.671479 0.763813 2.33552e-06 0.999995 2.24357e-06 
0.720000 0.672753 0.763054 2.33552e-06 0.999995 2.24357e-06 
0.720833 0.67331 0.762724 2.33552e-06 0.999995 2.24357e-06 
0.721667 0.675069 0.761682 2.33552e-06 0.999995 2.24357e-06 
0.722500 0.676345 0.760931 2.33552e-06 0.999995 2.24357e-06 
0.723333 0.676902 0.760603 2.33552e-06 0.999995 2.24357e-06 
0.724167 0.678663 0.759571 2.33552e-06 0.999995 2.24357e-06 
0.725000 0.67994 0.758827 6.22803e-06 0.999992 1.48718e-06 
0.725833 0.680497 0.758502 6.22803e-06 0.999992 1.48718e-06 
0.726667 0.68226 0.75748 6.22803e-06 0.999992 1.48718e-06 
0.727500 0.683538 0.756742 6.22803e-06 0.999992 1.48718e-06 
0.728333 0.684097 0.756421 6.22803e-06 0.999992 1.48718e-06 
0.729167 0.685861 0.755408 6.22803e-06 0.999992 1.48718e-06 
0.730000 0.687141 0.754677 6.22803e-06 0.999992 1.48718e-06 
0.730833 0.6877 0.754359 6.22803e-06 0.999992 1.48718e-06 
0.731667 0.689467 0.753355 6.22803e-06 0.999992 1.48718e-06 
0.732500 0.690747 0.752631 6.22803e-06 0.999992 1.48718e-06 
0.733333 0.691307 0.752316 6.22803e-06 0.999992 1.48718e-06 
0.734167 0.693076 0.751322 6.22803e-06 0.999992 1.48718e-06 
0.735000 0.694358 0.750604 6.22803e-06 0.999992 1.48718e-06 
0.735833 0.694918 0.750292 6.22803e-06 0.999992 1.48718e-06 
0.736667 0.696688 0.749308 6.22803e-06 0.999992 1.48718e-06 
0.737500 0.697972 0.748597 6.22803e-06 0.999992 1.48718e-06 
0.738333 0.698533 0.748287 6.22803e-06 0.999992 1.48718e-06 
0.739167 0.700305 0.747312 6.22803e-06 0.999992 1.48718e-06 
0.740000 0.701591 0.746608 6.22803e-06 0.999992 1.48718e-06 
0.740833 0.702152 0.746302 6.22803e-06 0.999992 1.48718e-06 
0.741667 0.703927 0.745336 6.22803e-06 0.999992 1.48718e-06 
0.742500 0.705213 0.744639 6.22803e-06 0.999992 1.48718e-06 
0.743333 0.705775 0.744335 6.22803e-06 0.999992 1.48718e-06 
0.744167 0.707552 0.743379 6.22803e-06 0.999992 1.48718e-06 
0.745000 0.70884 0.742688 6.22803e-06 0.999992 1.48718e-06 
0.745833 0.709403 0.742387 6.22803e-06 0.999992 1.48718e-06 
0.746667 0.711181 0.74144 6.22803e-06 0.999992 1.48718e-06 
0.747500 0.712471 0.740756 6.22803e-06 0.999992 1.48718e-06 
0.748333 0.713034 0.740458 6.22803e-06 0.999992 1.48718e-06 
0.749167 0.714815 0.73952 6.22803e-06 0.999992 1.48718e-06 
0.750000 0.716106 0.738843 2.53179e-05 0.999974 1.09932e-06 
0.750833 0.71667 0.738548 2.53179e-05 0.999974 1.09932e-06 
0.751667 0.718453 0.737619 2.53179e-05 0.999974 1.09932e-06 
0.752500 0.719745 0.736949 2.53179e-05 0.999974 1.09932e-06 
0.753333 0.72031 0.736657 2.53179e-05 0.999974 1.09932e-06 
0.754167 0.722095 0.735737 2.53179e-05 0.999974 1.09932e-06 
0.755000 0.723389 0.735073 2.53179e-05 0.999974 1.09932e-06 
0.755833 0.723954 0.734783 2.53179e-05 0.999974 1.09932e-06 
0.756667 0.725742 0.733873 2.53179e-05 0.999974 1.09932e-06 
0.757500 0.727037 0.733215 2.53179e-05 0.999974 1.09932e-06 
0.758333 0.727603 0.732929 2.53179e-05 0.999974 1.09932e-06 
0.759167 0.729393 0.732027 2.53179e-05 0.999974 1.09932e-06 
0.760000 0.73069 0.731376 2.53179e-05 0.999974 1.09932e-06 
0.760833 0.731257 0.731093 2.53179e-05 0.999974 1.09932e-06 
0.761667 0.733048 0.7302 2.53179e-05 0.999974 1.09932e-06 
0.762500 0.734347 0.729555 2.53179e-05 0.999974 1.09932e-06 
0.763333 0.734915 0.729275 2.53179e-05 0.999974 1.09932e-06 
0.764167 0.736709 0.728391 2.53179e-05 0.999974 1.09932e-06 
0.765000 0.738009 0.727753 2.53179e-05 0.999974 1.09932e-06 
0.765833 0.738578 0.727475 2.53179e-05 0.999974 1.09932e-06 
0.766667 0.740374 0.7266 2.53179e-05 0.999974 1.09932e-06 
0.767500 0.741676 0.725968 2.53179e-05 0.999974 1.09932e-06 
0.768333 0.742245 0.725693 2.53179e-05 0.999974 1.09932e-06 
0.769167 0.744043 0.724827 2.53179e-05 0.999974 1.09932e-06 
0.770000 0.745347 0.724202 2.53179e-05 0.999974 1.09932e-06 
0.770833 0.745917 0.723929 2.53179e-05 0.999974 1.09932e-06 
0.771667 0.747718 0.723072 2.53179e-05 0.999974 1.09932e-06 
0.772500 0.749023 0.722453 2.53179e-05 0.999974 1.09932e-06 
0.773333 0.749594 0.722184 2.53179e-05 0.999974 1.09932e-06 
0.774167 0.751397 0.721335 2.53179e-05 0.999974 1.09932e-06 
0.775000 0.752704 0.720723 0.143082 0.856917 9.48284e-07 
0.775833 0.753152 0.720616 0.143082 0.856917 9.48284e-07 
0.776667 0.754567 0.720279 0.143082 0.856917 9.48284e-07 
0.777500 0.755594 0.720037 0.143082 0.856917 9.48284e-07 
0.778333 0.756042 0.719931 0.143082 0.856917 9.48284e-07 
0.779167 0.757459 0.7196 0.143082 0.856917 9.48284e-07 
0.780000 0.758486 0.719361 0.143082 0.856917 9.48284e-07 
0.780833 0.758935 0.719257 0.143082 0.856917 9.48284e-07 
0.781667 0.760354 0.71893 0.143082 0.856917 9.48284e-07 
0.782500 0.761383 0.718694 0.143082 0.856917 9.48284e-07 
0.783333 0.761832 0.718592 0.143082 0.856917 9.48284e-07 
0.784167 0.763253 0.718269 0.143082 0.856917 9.48284e-07 
0.785000 0.764283 0.718037 0.143082 0.856917 9.48284e-07 
0.785833 0.764733 0.717936 0.143082 0.856917 9.48284e-07 
0.786667 0.766156 0.717619 0.143082 0.856917 9.48284e-07 
0.787500 0.767187 0.71739 0.143082 0.856917 9.48284e-07 
0.788333 0.767638 0.717291 0.143082 0.856917 9.48284e-07 
0.789167 0.769062 0.716978 0.143082 0.856917 9.48284e-07 
0.790000 0.770095 0.716752 0.143082 0.856917 9.48284e-07 
0.790833 0.770546 0.716654 0.143082 0.856917 9.48284e-07 
0.791667 0.771973 0.716346 0.143082 0.856917 9.48284e-07 
0.792500 0.773007 0.716124 0.143082 0.856917 9.48284e-07 
0.793333 0.773459 0.716028 0.143082 0.856917 9.48284e-07 
0.794167 0.774887 0.715724 0.143082 0.856917 9.48284e-07 
0.795000 0.775922 0.715505 0.143082 0.856917 9.48284e-07 
0.795833 0.776375 0.71541 0.143082 0.856917 9.48284e-07 
0.796667 0.777805 0.715111 0.143082 0.856917 9.48284e-07 
0.797500 0.778842 0.714896 0.143082 0.856917 9.48284e-07 
0.798333 0.779295 0.714803 0.143082 0.856917 9.48284e-07 
0.799167 0.780727 0.714508 0.143082 0.856917 9.48284e-07 
0.800000 0.781765 0.714296 0.362434 0.637565 9.6159e-07 
0.800833 0.782025 0.714447 0.362434 0.637565 9.6159e-07 
0.801667 0.782847 0.714924 0.362434 0.637565 9.6159e-07 
0.802500 0.783443 0.71527 0.362434 0.637565 9.6159e-07 
0.803333 0.783703 0.715421 0.362434 0.637565 9.6159e-07 
0.804167 0.784526 0.715899 0.362434 0.637565 9.6159e-07 
0.805000 0.785123 0.716246 0.362434 0.637565 9.6159e-07 
0.805833 0.785384 0.716397 0.362434 0.637565 9.6159e-07 
0.806667 0.786208 0.716877 0.362434 0.637565 9.6159e-07 
0.807500 0.786806 0.717225 0.362434 0.637565 9.6159e-07 
0.808333 0.787067 0.717377 0.362434 0.637565 9.6159e-07 
0.809167 0.787893 0.717857 0.362434 0.637565 9.6159e-07 
0.810000 0.788492 0.718206 0.362434 0.637565 9.6159e-07 
0.810833 0.788754 0.718359 0.362434 0.637565 9.6159e-07 
0.811667 0.789581 0.718841 0.362434 0.637565 9.6159e-07 
0.812500 0.79018 0.719191 0.362434 0.637565 9.6159e-07 
0.813333 0.790442 0.719344 0.362434 0.637565 9.6159e-07 
0.814167 0.791271 0.719828 0.362434 0.637565 9.6159e-07 
0.815000 0.791872 0.720179 0.362434 0.637565 9.6159e-07 
0.815833 0.792134 0.720332 0.362434 0.637565 9.6159e-07 
0.816667 0.792964 0.720817 0.362434 0.637565 9.6159e-07 
0.817500 0.793566 0.721169 0.362434 0.637565 9.6159e-07 
0.818333 0.793828 0.721323 0.362434 0.637565 9.6159e-07 
0.819167 0.79466 0.721809 0.362434 0.637565 9.6159e-07 
0.820000 0.795262 0.722162 0.362434 0.637565 9.6159e-07 
0.820833 0.795526 0.722317 0.362434 0.637565 9.6159e-07 
0.821667 0.796358 0.722804 0.362434 0.637565 9.6159e-07 
0.822500 0.796962 0.723158 0.362434 0.637565 9.6159e-07 
0.823333 0.797225 0.723313 0.362434 0.637565 9.6159e-07 
0.824167 0.798059 0.723802 0.362434 0.637565 9.6159e-07 
0.825000 0.798664 0.724157 0.349601 0.650398 1.06165e-06 
0.825833 0.79894 0.724298 0.349601 0.650398 1.06165e-06 
0.826667 0.799811 0.724743 0.349601 0.650398 1.06165e-06 
0.827500 0.800443 0.725067 0.349601 0.650398 1.06165e-06 
0.828333 0.80072 0.725208 0.349601 0.650398 1.06165e-06 
0.829167 0.801593 0.725654 0.349601 0.650398 1.06165e-06 
0.830000 0.802226 0.725979 0.349601 0.650398 1.06165e-06 
0.830833 0.802502 0.72612 0.349601 0.650398 1.06165e-06 
0.831667 0.803377 0.726569 0.349601 0.650398 1.06165e-06 
0.832500 0.804011 0.726894 0.349601 0.650398 1.06165e-06 
0.833333 0.804288 0.727036 0.349601 0.650398 1.06165e-06 
0.834167 0.805164 0.727486 0.349601 0.650398 1.06165e-06 
0.835000 0.805799 0.727812 0.349601 0.650398 1.06165e-06 
0.835833 0.806076 0.727955 0.349601 0.650398 1.06165e-06 
0.836667 0.806953 0.728406 0.349601 0.650398 1.06165e-06 
0.837500 0.80759 0.728734 0.349601 0.650398 1.06165e-06 
0.838333 0.807867 0.728877 0.349601 0.650398 1.06165e-06 
0.839167 0.808746 0.72933 0.349601 0.650398 1.06165e-06 
0.840000 0.809383 0.729658 0.349601 0.650398 1.06165e-06 
0.840833 0.809662 0.729802 0.349601 0.650398 1.06165e-06 
0.841667 0.810542 0.730256 0.349601 0.650398 1.06165e-06 
0.842500 0.81118 0.730586 0.349601 0.650398 1.06165e-06 
0.843333 0.811459 0.73073 0.349601 0.650398 1.06165e-06 
0.844167 0.81234 0.731186 0.349601 0.650398 1.06165e-06 
0.845000 0.812979 0.731517 0.349601 0.650398 1.06165e-06 
0.845833 0.813258 0.731661 0.349601 0.650398 1.06165e-06 
0.846667 0.814141 0.732118 0.349601 0.650398 1.06165e-06 
0.847500 0.814781 0.73245 0.349601 0.650398 1.06165e-06 
0.848333 0.815061 0.732595 0.349601 0.650398 1.06165e-06 
0.849167 0.815945 0.733054 0.349601 0.650398 1.06165e-06 
0.850000 0.816586 0.733387 0.345906 0.654093 1.19773e-06 
0.850833 0.81687 0.733529 0.345906 0.654093 1.19773e-06 
0.851667 0.817766 0.733976 0.345906 0.654093 1.19773e-06 
0.852500 0.818416 0.7343 0.345906 0.654093 1.19773e-06 
0.853333 0.8187 0.734442 0.345906 0.654093 1.19773e-06 
0.854167 0.819598 0.734891 0.345906 0.654093 1.19773e-06 
0.855000 0.820249 0.735216 0.345906 0.654093 1.19773e-06 
0.855833 0.820533 0.735359 0.345906 0.654093 1.19773e-06 
0.856667 0.821433 0.735809 0.345906 0.654093 1.19773e-06 
0.857500 0.822085 0.736136 0.345906 0.654093 1.19773e-06 
0.858333 0.82237 0.736278 0.345906 0.654093 1.19773e-06 
0.859167 0.82327 0.73673 0.345906 0.654093 1.19773e-06 
0.860000 0.823923 0.737058 0.345906 0.654093 1.19773e-06 
0.860833 0.824209 0.737201 0.345906 0.654093 1.19773e-06 
0.861667 0.825111 0.737655 0.345906 0.654093 1.19773e-06 
0.862500 0.825765 0.737984 0.345906 0.654093 1.19773e-06 
0.863333 0.826051 0.738128 0.345906 0.654093 1.19773e-06 
0.864167 0.826954 0.738582 0.345906 0.654093 1.19773e-06 
0.865000 0.827609 0.738913 0.345906 0.654093 1.19773e-06 
0.865833 0.827896 0.739057 0.345906 0.654093 1.19773e-06 
0.866667 0.828801 0.739513 0.345906 0.654093 1.19773e-06 
0.867500 0.829457 0.739845 0.345906 0.654093 1.19773e-06 
0.868333 0.829743 0.739989 0.345906 0.654093 1.19773e-06 
0.869167 0.83065 0.740447 0.345906 0.654093 1.19773e-06 
0.870000 0.831307 0.74078 0.345906 0.654093 1.19773e-06 
0.870833 0.831594 0.740925 0.345906 0.654093 1.19773e-06 
0.871667 0.832502 0.741385 0.345906 0.654093 1.19773e-06 
0.872500 0.83316 0.741718 0.345906 0.654093 1.19773e-06 
0.873333 0.833448 0.741864 0.345906 0.654093 1.19773e-06 
0.874167 0.834357 0.742325 0.345906 0.654093 1.19773e-06 
0.875000 0.835017 0.74266 0.341719 0.658279 1.39773e-06 
0.875833 0.835309 0.742801 0.341719 0.658279 1.39773e-06 
0.876667 0.836232 0.743249 0.341719 0.658279 1.39773e-06 
0.877500 0.836901 0.743573 0.341719 0.658279 1.39773e-06 
0.878333 0.837194 0.743715 0.341719 0.658279 1.39773e-06 
0.879167 0.838118 0.744164 0.341719 0.658279 1.39773e-06 
0.880000 0.838789 0.74449 0.341719 0.658279 1.39773e-06 
0.880833 0.839082 0.744633 0.341719 0.658279 1.39773e-06 
0.881667 0.840008 0.745083 0.341719 0.658279 1.39773e-06 
0.882500 0.840679 0.745411 0.341719 0.658279 1.39773e-06 
0.883333 0.840973 0.745553 0.341719 0.658279 1.39773e-06 
0.884167 0.8419 0.746006 0.341719 0.658279 1.39773e-06 
0.885000 0.842573 0.746334 0.341719 0.658279 1.39773e-06 
0.885833 0.842867 0.746478 0.341719 0.658279 1.39773e-06 
0.886667 0.843796 0.746931 0.341719 0.658279 1.39773e-06 
0.887500 0.844469 0.747261 0.341719 0.658279 1.39773e-06 
0.888333 0.844764 0.747405 0.341719 0.658279 1.39773e-06 
0.889167 0.845694 0.74786 0.341719 0.658279 1.39773e-06 
0.890000 0.846369 0.748191 0.341719 0.658279 1.39773e-06 
0.890833 0.846664 0.748335 0.341719 0.658279 1.39773e-06 
0.891667 0.847596 0.748792 0.341719 0.658279 1.39773e-06 
0.892500 0.848272 0.749124 0.341719 0.658279 1.39773e-06 
0.893333 0.848567 0.749269 0.341719 0.658279 1.39773e-06 
0.894167 0.8495 0.749728 0.341719 0.658279 1.39773e-06 
0.895000 0.850177 0.750061 0.341719 0.658279 1.39773e-06 
0.895833 0.850473 0.750206 0.341719 0.658279 1.39773e-06 
0.896667 0.851408 0.750667 0.341719 0.658279 1.39773e-06 
0.897500 0.852086 0.751001 0.341719 0.658279 1.39773e-06 
0.898333 0.852382 0.751147 0.341719 0.658279 1.39773e-06 
0.899167 0.853319 0.751609 0.341719 0.658279 1.39773e-06 
0.900000 0.853998 0.751944 0.337372 0.662626 1.71597e-06 
0.900833 0.854299 0.752085 0.337372 0.662626 1.71597e-06 
0.901667 0.85525 0.752533 0.337372 0.662626 1.71597e-06 
0.902500 0.855939 0.752858 0.337372 0.662626 1.71597e-06 
0.903333 0.856241 0.753 0.337372 0.662626 1.71597e-06 
0.904167 0.857193 0.753449 0.337372 0.662626 1.71597e-06 
0.905000 0.857884 0.753775 0.337372 0.662626 1.71597e-06 
0.905833 0.858186 0.753917 0.337372 0.662626 1.71597e-06 
0.906667 0.85914 0.754368 0.337372 0.662626 1.71597e-06 
0.907500 0.859832 0.754695 0.337372 0.662626 1.71597e-06 
0.908333 0.860134 0.754838 0.337372 0.662626 1.71597e-06 
0.909167 0.86109 0.755291 0.337372 0.662626 1.71597e-06 
0.910000 0.861783 0.755619 0.337372 0.662626 1.71597e-06 
0.910833 0.862086 0.755763 0.337372 0.662626 1.71597e-06 
0.911667 0.863043 0.756217 0.337372 0.662626 1.71597e-06 
0.912500 0.863737 0.756547 0.337372 0.662626 1.71597e-06 
0.913333 0.86404 0.756691 0.337372 0.662626 1.71597e-06 
0.914167 0.864999 0.757147 0.337372 0.662626 1.71597e-06 
0.915000 0.865694 0.757477 0.337372 0.662626 1.71597e-06 
0.915833 0.865998 0.757622 0.337372 0.662626 1.71597e-06 
0.916667 0.866958 0.758079 0.337372 0.662626 1.71597e-06 
0.917500 0.867654 0.758411 0.337372 0.662626 1.71597e-06 
0.918333 0.867959 0.758557 0.337372 0.662626 1.71597e-06 
0.919167 0.86892 0.759016 0.337372 0.662626 1.71597e-06 
0.920000 0.869618 0.759349 0.337372 0.662626 1.71597e-06 
0.920833 0.869923 0.759495 0.337372 0.662626 1.71597e-06 
0.921667 0.870886 0.759955 0.337372 0.662626 1.71597e-06 
0.922500 0.871584 0.76029 0.337372 0.662626 1.71597e-06 
0.923333 0.87189 0.760436 0.337372 0.662626 1.71597e-06 
0.924167 0.872855 0.760898 0.337372 0.662626 1.71597e-06 
0.925000 0.873554 0.761234 0.332842 0.667156 2.29378e-06 
0.925833 0.873864 0.761375 0.332842 0.667156 2.29378e-06 
0.926667 0.874845 0.761822 0.332842 0.667156 2.29378e-06 
0.927500 0.875556 0.762147 0.332842 0.667156 2.29378e-06 
0.928333 0.875866 0.762289 0.332842 0.667156 2.29378e-06 
0.929167 0.876848 0.762738 0.332842 0.667156 2.29378e-06 
0.930000 0.87756 0.763064 0.332842 0.667156 2.29378e-06 
0.930833 0.877871 0.763206 0.332842 0.667156 2.29378e-06 
0.931667 0.878855 0.763657 0.332842 0.667156 2.29378e-06 
0.932500 0.879568 0.763984 0.332842 0.667156 2.29378e-06 
0.933333 0.87988 0.764127 0.332842 0.667156 2.29378e-06 
0.934167 0.880865 0.764579 0.332842 0.667156 2.29378e-06 
0.935000 0.881579 0.764907 0.332842 0.667156 2.29378e-06 
0.935833 0.881891 0.765051 0.332842 0.667156 2.29378e-06 
0.936667 0.882878 0.765505 0.332842 0.667156 2.29378e-06 
0.937500 0.883593 0.765835 0.332842 0.667156 2.29378e-06 
0.938333 0.883906 0.765979 0.332842 0.667156 2.29378e-06 
0.939167 0.884894 0.766434 0.332842 0.667156 2.29378e-06 
0.940000 0.885611 0.766765 0.332842 0.667156 2.29378e-06 
0.940833 0.885924 0.76691 0.332842 0.667156 2.29378e-06 
0.941667 0.886913 0.767367 0.332842 0.667156 2.29378e-06 
0.942500 0.887631 0.767699 0.332842 0.667156 2.29378e-06 
0.943333 0.887945 0.767844 0.332842 0.667156 2.29378e-06 
0.944167 0.888936 0.768304 0.332842 0.667156 2.29378e-06 
0.945000 0.889655 0.768637 0.332842 0.667156 2.29378e-06 
0.945833 0.889969 0.768782 0.332842 0.667156 2.29378e-06 
0.946667 0.890962 0.769243 0.332842 0.667156 2.29378e-06 
0.947500 0.891682 0.769578 0.332842 0.667156 2.29378e-06 
0.948333 0.891997 0.769724 0.332842 0.667156 2.29378e-06 
0.949167 0.892992 0.770187 0.332842 0.667156 2.29378e-06 
0.950000 0.893713 0.770522 0.328022 0.671975 3.64812e-06 
0.950833 0.894033 0.770663 0.328022 0.671975 3.64812e-06 
0.951667 0.895044 0.77111 0.328022 0.671975 3.64812e-06 
0.952500 0.895777 0.771433 0.328022 0.671975 3.64812e-06 
0.953333 0.896098 0.771575 0.328022 0.671975 3.64812e-06 
0.954167 0.897111 0.772023 0.328022 0.671975 3.64812e-06 
0.955000 0.897845 0.772348 0.328022 0.671975 3.64812e-06 
0.955833 0.898166 0.77249 0.328022 0.671975 3.64812e-06 
0.956667 0.899181 0.77294 0.328022 0.671975 3.64812e-06 
0.957500 0.899916 0.773266 0.328022 0.671975 3.64812e-06 
0.958333 0.900238 0.773409 0.328022 0.671975 3.64812e-06 
0.959167 0.901254 0.77386 0.328022 0.671975 3.64812e-06 
0.960000 0.901991 0.774188 0.328022 0.671975 3.64812e-06 
0.960833 0.902313 0.774331 0.328022 0.671975 3.64812e-06 
0.961667 0.903331 0.774784 0.328022 0.671975 3.64812e-06 
0.962500 0.904069 0.775113 0.328022 0.671975 3.64812e-06 
0.963333 0.904391 0.775257 0.328022 0.671975 3.64812e-06 
0.964167 0.905411 0.775712 0.328022 0.671975 3.64812e-06 
0.965000 0.90615 0.776042 0.328022 0.671975 3.64812e-06 
0.965833 0.906473 0.776187 0.328022 0.671975 3.64812e-06 
0.966667 0.907494 0.776643 0.328022 0.671975 3.64812e-06 
0.967500 0.908235 0.776975 0.328022 0.671975 3.64812e-06 
0.968333 0.908558 0.77712 0.328022 0.671975 3.64812e-06 
0.969167 0.909581 0.777578 0.328022 0.671975 3.64812e-06 
0.970000 0.910323 0.777911 0.328022 0.671975 3.64812e-06 
0.970833 0.910647 0.778056 0.328022 0.671975 3.64812e-06 
0.971667 0.911671 0.778517 0.328022 0.671975 3.64812e-06 
0.972500 0.912414 0.778851 0.328022 0.671975 3.64812e-06 
0.973333 0.912738 0.778997 0.328022 0.671975 3.64812e-06 
0.974167 0.913764 0.779459 0.328022 0.671975 3.64812e-06 
0.975000 0.914509 0.779794 0.357362 0.642628 1.04709e-05 
0.975833 0.914804 0.779976 0.357362 0.642628 1.04709e-05 
0.976667 0.915738 0.780552 0.357362 0.642628 1.04709e-05 
0.977500 0.916415 0.78097 0.357362 0.642628 1.04709e-05 
0.978333 0.916711 0.781152 0.357362 0.642628 1.04709e-05 
0.979167 0.917647 0.78173 0.357362 0.642628 1.04709e-05 
0.980000 0.918325 0.782148 0.357362 0.642628 1.04709e-05 
0.980833 0.918621 0.782331 0.357362 0.642628 1.04709e-05 
0.981667 0.919559 0.78291 0.357362 0.642628 1.04709e-05 
0.982500 0.920238 0.78333 0.357362 0.642628 1.04709e-05 
0.983333 0.920535 0.783514 0.357362 0.642628 1.04709e-05 
0.984167 0.921474 0.784094 0.357362 0.642628 1.04709e-05 
0.985000 0.922155 0.784515 0.357362 0.642628 1.04709e-05 
0.985833 0.922452 0.784699 0.357362 0.642628 1.04709e-05 
0.986667 0.923392 0.785281 0.357362 0.642628 1.04709e-05 
0.987500 0.924074 0.785703 0.357362 0.642628 1.04709e-05 
0.988333 0.924372 0.785888 0.357362 0.642628 1.04709e-05 
0.989167 0.925314 0.786471 0.357362 0.642628 1.04709e-05 
0.990000 0.925997 0.786894 0.357362 0.642628 1.04709e-05 
0.990833 0.926296 0.787079 0.357362 0.642628 1.04709e-05 
0.991667 0.927239 0.787664 0.357362 0.642628 1.04709e-05 
0.992500 0.927923 0.788088 0.357362 0.642628 1.04709e-05 
0.993333 0.928222 0.788274 0.357362 0.642628 1.04709e-05 
0.994167 0.929167 0.78886 0.357362 0.642628 1.04709e-05 
0.995000 0.929853 0.789286 0.357362 0.642628 1.04709e-05 
0.995833 0.930152 0.789472 0.357362 0.642628 1.04709e-05 
0.996667 0.931099 0.79006 0.357362 0.642628 1.04709e-05 
0.997500 0.931786 0.790486 0.357362 0.642628 1.04709e-05 
0.998333 0.932086 0.790673 0.357362 0.642628 1.04709e-05 
0.999167 0.933034 0.791262 0.357362 0.642628 1.04709e-05 
1.000000 0.933722 0.79169 0.357362 0.642628 1.04709e-05 

