0.000000 2.3658 1.4326 
0.007500 2.36815 1.42546 
0.015000 2.37052 1.41835 
0.022500 2.37291 1.41127 
0.030000 2.37532 1.40423 
0.037500 2.37776 1.39723 
0.045000 2.38023 1.39026 
0.052500 2.38271 1.38333 
0.060000 2.38522 1.37643 
0.067500 2.38776 1.36956 
0.075000 2.36594 1.33594 
0.082500 2.36852 1.32927 
0.090000 2.37113 1.32264 
0.097500 2.37377 1.31605 
0.105000 2.37642 1.30948 
0.112500 2.3791 1.30295 
0.120000 2.3818 1.29645 
0.127500 2.38453 1.28999 
0.135000 2.38727 1.28355 
0.142500 2.39005 1.27715 
0.150000 2.36907 1.242 
0.157500 2.3719 1.2358 
0.165000 2.37475 1.22964 
0.172500 2.37762 1.22351 
0.180000 2.38052 1.21741 
0.187500 2.38344 1.21133 
0.195000 2.38638 1.20529 
0.202500 2.38934 1.19928 
0.210000 2.39233 1.1933 
0.217500 2.39534 1.18735 
0.225000 2.36465 1.15838 
0.232500 2.35585 1.16139 
0.240000 2.34706 1.16436 
0.247500 2.33829 1.1673 
0.255000 2.32953 1.17021 
0.262500 2.32079 1.1731 
0.270000 2.31206 1.17595 
0.277500 2.30335 1.17878 
0.285000 2.29465 1.18157 
0.292500 2.28597 1.18434 
0.300000 2.25445 1.15474 
0.307500 2.24593 1.15747 
0.315000 2.23743 1.16018 
0.322500 2.22894 1.16286 
0.330000 2.22047 1.16551 
0.337500 2.21201 1.16813 
0.345000 2.20357 1.17073 
0.352500 2.19514 1.1733 
0.360000 2.18673 1.17584 
0.367500 2.17833 1.17835 
0.375000 2.14735 1.1471 
0.382500 2.13912 1.14959 
0.390000 2.1309 1.15205 
0.397500 2.1227 1.15448 
0.405000 2.11452 1.15689 
0.412500 2.10635 1.15927 
0.420000 2.09819 1.16162 
0.427500 2.09005 1.16395 
0.435000 2.08192 1.16625 
0.442500 2.07381 1.16853 
0.450000 2.04341 1.13562 
0.457500 2.03547 1.13787 
0.465000 2.02754 1.14011 
0.472500 2.01963 1.14231 
0.480000 2.01173 1.14449 
0.487500 2.00385 1.14665 
0.495000 1.99598 1.14878 
0.502500 1.98812 1.15088 
0.510000 1.98028 1.15296 
0.517500 1.97246 1.15502 
0.525000 1.94269 1.12044 
0.532500 1.93504 1.12248 
0.540000 1.92741 1.1245 
0.547500 1.91978 1.1265 
0.555000 1.91217 1.12847 
0.562500 1.90458 1.13042 
0.570000 1.897 1.13234 
0.577500 1.88943 1.13424 
0.585000 1.88188 1.13612 
0.592500 1.87434 1.13797 
0.600000 1.84525 1.10171 
0.607500 1.83789 1.10356 
0.615000 1.83055 1.10538 
0.622500 1.82321 1.10718 
0.630000 1.81589 1.10896 
0.637500 1.80859 1.11072 
0.645000 1.8013 1.11245 
0.652500 1.79402 1.11416 
0.660000 1.78676 1.11585 
0.667500 1.77951 1.11752 
0.675000 1.75114 1.07956 
0.682500 1.74407 1.08123 
0.690000 1.73702 1.08288 
0.697500 1.72998 1.0845 
0.705000 1.72295 1.08611 
0.712500 1.71593 1.08769 
0.720000 1.70893 1.08925 
0.727500 1.70194 1.09079 
0.735000 1.69496 1.0923 
0.742500 1.688 1.0938 
0.750000 1.66041 1.05415 
0.757500 1.65363 1.05565 
0.765000 1.64687 1.05714 
0.772500 1.64011 1.0586 
0.780000 1.63337 1.06005 
0.787500 1.62665 1.06147 
0.795000 1.61993 1.06287 
0.802500 1.61323 1.06425 
0.810000 1.60655 1.06562 
0.817500 1.59987 1.06696 
0.825000 1.57311 1.02557 
0.832500 1.56662 1.02691 
0.840000 1.56014 1.02823 
0.847500 1.55368 1.02954 
0.855000 1.54723 1.03084 
0.862500 1.54079 1.03212 
0.870000 1.53436 1.03339 
0.877500 1.52795 1.03465 
0.885000 1.52155 1.03589 
0.892500 1.51516 1.03713 
0.900000 1.5255 0.994593 
0.907500 1.5192 0.99587 
0.915000 1.51292 0.99714 
0.922500 1.50665 0.998402 
0.930000 1.50039 0.999656 
0.937500 1.49415 1.0009 
0.945000 1.48792 1.00214 
0.952500 1.4817 1.00337 
0.960000 1.47549 1.0046 
0.967500 1.4693 1.00581 
0.975000 1.47633 0.962542 
0.982500 1.47024 0.963778 
0.990000 1.46416 0.965006 
0.997500 1.4581 0.966227 
1.005000 1.45204 0.967441 
1.012500 1.446 0.968648 
1.020000 1.43997 0.969847 
1.027500 1.43395 0.97104 
1.035000 1.42794 0.972225 
1.042500 1.42195 0.973402 
1.050000 1.42549 0.929398 
1.057500 1.41961 0.930591 
1.065000 1.41374 0.931777 
1.072500 1.40788 0.932956 
1.080000 1.40204 0.934128 
1.087500 1.3962 0.935293 
1.095000 1.39038 0.936451 
1.102500 1.38457 0.937603 
1.110000 1.37877 0.938747 
1.117500 1.37298 0.939885 
1.125000 1.37297 0.895156 
1.132500 1.36731 0.896304 
1.140000 1.36165 0.897446 
1.147500 1.35601 0.898581 
1.155000 1.35038 0.89971 
1.162500 1.34476 0.900832 
1.170000 1.33915 0.901948 
1.177500 1.33355 0.903058 
1.185000 1.32797 0.90416 
1.192500 1.32239 0.905257 
1.200000 1.31875 0.85981 
1.207500 1.31331 0.860912 
1.215000 1.30788 0.862009 
1.222500 1.30246 0.863099 
1.230000 1.29705 0.864183 
1.237500 1.29166 0.865261 
1.245000 1.28627 0.866333 
1.252500 1.28089 0.867399 
1.260000 1.27553 0.868459 
1.267500 1.27017 0.869512 
1.275000 1.26284 0.823354 
1.282500 1.25763 0.82441 
1.290000 1.25243 0.825459 
1.297500 1.24724 0.826503 
1.305000 1.24206 0.827541 
1.312500 1.23689 0.828574 
1.320000 1.23173 0.8296 
1.327500 1.22658 0.830621 
1.335000 1.22144 0.831636 
1.342500 1.21632 0.832645 
1.350000 1.20521 0.785783 
1.357500 1.20024 0.786791 
1.365000 1.19527 0.787792 
1.372500 1.19032 0.788788 
1.380000 1.18538 0.789779 
1.387500 1.18045 0.790764 
1.395000 1.17552 0.791744 
1.402500 1.17061 0.792718 
1.410000 1.16571 0.793687 
1.417500 1.16081 0.794651 
1.425000 1.14586 0.747092 
1.432500 1.14114 0.748049 
1.440000 1.13642 0.749001 
1.447500 1.13171 0.749948 
1.455000 1.12701 0.75089 
1.462500 1.12232 0.751827 
1.470000 1.11764 0.752758 
1.477500 1.11297 0.753685 
1.485000 1.1083 0.754607 
1.492500 1.10365 0.755523 
1.500000 1.08479 0.707273 
1.507500 1.08031 0.708179 
1.515000 1.07585 0.70908 
1.522500 1.07139 0.709977 
1.530000 1.06694 0.710868 
1.537500 1.0625 0.711755 
1.545000 1.05807 0.712637 
1.552500 1.05365 0.713515 
1.560000 1.04923 0.714387 
1.567500 1.04483 0.715255 
1.575000 1.02149 0.666247 
1.582500 1.01728 0.667033 
1.590000 1.01307 0.667834 
1.597500 1.00887 0.668648 
1.605000 1.00468 0.669477 
1.612500 1.0005 0.67032 
1.620000 0.99633 0.671177 
1.627500 0.992166 0.672048 
1.635000 0.988009 0.672934 
1.642500 0.983861 0.673834 
1.650000 0.958178 0.626647 
1.657500 0.95422 0.627391 
1.665000 0.95027 0.628149 
1.672500 0.946328 0.628921 
1.680000 0.942394 0.629707 
1.687500 0.938467 0.630507 
1.695000 0.934549 0.63132 
1.702500 0.930638 0.632147 
1.710000 0.926735 0.632988 
1.717500 0.922839 0.633843 
1.725000 0.895669 0.588408 
1.732500 0.891962 0.589117 
1.740000 0.888263 0.589839 
1.747500 0.884572 0.590574 
1.755000 0.880888 0.591322 
1.762500 0.877211 0.592083 
1.770000 0.873541 0.592857 
1.777500 0.869879 0.593644 
1.785000 0.866223 0.594444 
1.792500 0.862575 0.595257 
1.800000 0.833911 0.551448 
1.807500 0.830451 0.552127 
1.815000 0.826998 0.552817 
1.822500 0.823552 0.55352 
1.830000 0.820113 0.554235 
1.837500 0.81668 0.554962 
1.845000 0.813255 0.555701 
1.852500 0.809836 0.556453 
1.860000 0.806423 0.557217 
1.867500 0.803017 0.557993 
1.875000 0.772851 0.515691 
1.882500 0.769633 0.516343 
1.890000 0.766421 0.517007 
1.897500 0.763216 0.517681 
1.905000 0.760017 0.518367 
1.912500 0.756824 0.519065 
1.920000 0.753638 0.519774 
1.927500 0.750457 0.520494 
1.935000 0.747283 0.521227 
1.942500 0.744114 0.52197 
1.950000 0.712435 0.481063 
1.957500 0.709455 0.481692 
1.965000 0.70648 0.482333 
1.972500 0.70351 0.482983 
1.980000 0.700547 0.483645 
1.987500 0.69759 0.484317 
1.995000 0.694638 0.485 
2.002500 0.691691 0.485694 
2.010000 0.688751 0.486399 
2.017500 0.685816 0.487114 
2.025000 0.652609 0.447493 
2.032500 0.649862 0.448104 
2.040000 0.647119 0.448724 
2.047500 0.644382 0.449355 
2.055000 0.641651 0.449996 
2.062500 0.638924 0.450647 
2.070000 0.636203 0.451308 
2.077500 0.633487 0.451979 
2.085000 0.630776 0.45266 
2.092500 0.628069 0.453352 
2.100000 0.593319 0.414913 
2.107500 0.590801 0.415509 
2.115000 0.588288 0.416114 
2.122500 0.585779 0.416729 
2.130000 0.583275 0.417353 
2.137500 0.580776 0.417986 
2.145000 0.578281 0.418629 
2.152500 0.575791 0.419281 
2.160000 0.573306 0.419943 
2.167500 0.570825 0.420614 
2.175000 0.534512 0.38326 
2.182500 0.532219 0.383844 
2.190000 0.529931 0.384437 
2.197500 0.527648 0.385039 
2.205000 0.525368 0.385649 
2.212500 0.523092 0.386268 
2.220000 0.520821 0.386896 
2.227500 0.518554 0.387533 
2.235000 0.516291 0.388179 
2.242500 0.514032 0.388834 
2.250000 0.476133 0.35247 
2.257500 0.474063 0.353046 
2.265000 0.471997 0.35363 
2.272500 0.469935 0.354222 
2.280000 0.467877 0.354822 
2.287500 0.465822 0.355431 
2.295000 0.46377 0.356048 
2.302500 0.461723 0.356672 
2.310000 0.459679 0.357306 
2.317500 0.457638 0.357947 
2.325000 0.418396 0.322206 
2.332500 0.416845 0.322462 
2.340000 0.415296 0.322722 
2.347500 0.413749 0.322987 
2.355000 0.412204 0.323255 
2.362500 0.410661 0.323528 
2.370000 0.40912 0.323805 
2.377500 0.407582 0.324087 
2.385000 0.406045 0.324372 
2.392500 0.404511 0.324662 
2.400000 0.364387 0.288816 
2.407500 0.363415 0.288634 
2.415000 0.362444 0.288452 
2.422500 0.361474 0.288272 
2.430000 0.360505 0.288093 
2.437500 0.359538 0.287915 
2.445000 0.358571 0.287739 
2.452500 0.357606 0.287564 
2.460000 0.356641 0.28739 
2.467500 0.355678 0.287218 
2.475000 0.31487 0.25087 
2.482500 0.314006 0.250736 
2.490000 0.313144 0.250603 
2.497500 0.312282 0.250472 
2.505000 0.311422 0.250341 
2.512500 0.310562 0.250212 
2.520000 0.309704 0.250084 
2.527500 0.308846 0.249957 
2.535000 0.307989 0.249832 
2.542500 0.307134 0.249707 
2.550000 0.265554 0.212929 
2.557500 0.264817 0.212824 
2.565000 0.264082 0.212719 
2.572500 0.263347 0.212616 
2.580000 0.262613 0.212513 
2.587500 0.26188 0.212412 
2.595000 0.261147 0.212311 
2.602500 0.260416 0.212212 
2.610000 0.259685 0.212114 
2.617500 0.258955 0.212016 
2.625000 0.216582 0.174801 
2.632500 0.215974 0.174722 
2.640000 0.215366 0.174644 
2.647500 0.21476 0.174566 
2.655000 0.214154 0.174489 
2.662500 0.213548 0.174413 
2.670000 0.212944 0.174339 
2.677500 0.21234 0.174264 
2.685000 0.211736 0.174191 
2.692500 0.211134 0.174119 
2.700000 0.167942 0.136464 
2.707500 0.167464 0.136408 
2.715000 0.166987 0.136352 
2.722500 0.166511 0.136298 
2.730000 0.166035 0.136244 
2.737500 0.16556 0.136191 
2.745000 0.165085 0.136138 
2.752500 0.164611 0.136087 
2.760000 0.164137 0.136036 
2.767500 0.163664 0.135985 
2.775000 0.119627 0.097886 
2.782500 0.119282 0.0978504 
2.790000 0.118938 0.0978152 
2.797500 0.118594 0.0977806 
2.805000 0.118251 0.0977465 
2.812500 0.117908 0.097713 
2.820000 0.117565 0.0976799 
2.827500 0.117223 0.0976473 
2.835000 0.116881 0.0976153 
2.842500 0.11654 0.0975838 
2.850000 0.07163 0.0590374 
2.857500 0.0714209 0.0590187 
2.865000 0.071212 0.0590004 
2.872500 0.0710034 0.0589824 
2.880000 0.070795 0.0589647 
2.887500 0.0705868 0.0589473 
2.895000 0.0703789 0.0589303 
2.902500 0.0701711 0.0589136 
2.910000 0.0699636 0.0588972 
2.917500 0.0697563 0.0588811 
2.925000 0.0239485 0.0198806 
2.932500 0.0238818 0.0198705 
2.940000 0.0238151 0.0198605 
2.947500 0.0237485 0.0198506 
2.955000 0.023682 0.0198408 
2.962500 0.0236155 0.0198311 
2.970000 0.0235491 0.0198215 
2.977500 0.0234828 0.019812 
2.985000 0.0234166 0.0198026 
2.992500 0.0233504 0.0197933 
