0.000000 -0.1 
0.025000 -0.087655 
0.050000 -0.0756147 
0.075000 -0.0798112 
0.100000 -0.0759149 
0.125000 -0.0712088 
0.150000 -0.0656575 
0.175000 -0.0592248 
0.200000 -0.0518737 
0.225000 -0.0435666 
0.250000 -0.0342651 
0.275000 -0.0239301 
0.300000 -0.0125218 
0.325000 0 
0.350000 -0.0330642 
0.375000 -0.0211083 
0.400000 -0.00799974 
0.425000 -0.0420659 
0.450000 -0.029543 
0.475000 -0.0158275 
0.500000 -0.000875885 
0.525000 -0.0364462 
0.550000 -0.0719466 
0.575000 -0.107444 
0.600000 -0.143006 
0.625000 -0.178695 
0.650000 -0.214574 
0.675000 -0.250706 
0.700000 -0.287151 
0.725000 -0.323969 
0.750000 -0.361219 
0.775000 -0.398958 
0.800000 -0.437246 
0.825000 -0.416574 
0.850000 -0.456355 
0.875000 -0.496739 
0.900000 -0.474599 
0.925000 -0.516567 
0.950000 -0.559196 
0.975000 -0.535513 
1.000000 -0.579822 
