0.000000 -910.815 295.452 
0.007500 -913.832 293.979 
0.015000 -916.854 292.513 
0.022500 -919.879 291.054 
0.030000 -922.909 289.602 
0.037500 -925.942 288.158 
0.045000 -928.979 286.72 
0.052500 -932.02 285.29 
0.060000 -935.066 283.867 
0.067500 -938.115 282.452 
0.075000 -941.169 281.043 
0.082500 -944.226 279.641 
0.090000 -947.288 278.247 
0.097500 -950.354 276.859 
0.105000 -953.424 275.478 
0.112500 -956.498 274.104 
0.120000 -959.577 272.737 
0.127500 -962.66 271.377 
0.135000 -965.747 270.023 
0.142500 -968.839 268.676 
0.150000 -971.935 267.336 
0.157500 -975.035 266.003 
0.165000 -978.14 264.676 
0.172500 -981.249 263.356 
0.180000 -984.363 262.043 
0.187500 -987.481 260.736 
0.195000 -990.604 259.435 
0.202500 -993.731 258.141 
0.210000 -996.863 256.854 
0.217500 -1000 255.573 
0.225000 -998.692 252.645 
0.232500 -996.826 249.523 
0.240000 -994.956 246.413 
0.247500 -993.083 243.316 
0.255000 -991.207 240.231 
0.262500 -989.328 237.159 
0.270000 -987.446 234.099 
0.277500 -985.561 231.051 
0.285000 -983.674 228.016 
0.292500 -981.783 224.993 
0.300000 -979.89 221.982 
0.307500 -977.993 218.983 
0.315000 -976.095 215.997 
0.322500 -974.193 213.023 
0.330000 -972.289 210.061 
0.337500 -970.382 207.111 
0.345000 -968.472 204.174 
0.352500 -966.56 201.248 
0.360000 -964.646 198.335 
0.367500 -962.729 195.433 
0.375000 -960.809 192.544 
0.382500 -958.887 189.666 
0.390000 -956.963 186.801 
0.397500 -955.037 183.947 
0.405000 -953.108 181.106 
0.412500 -951.177 178.276 
0.420000 -949.243 175.459 
0.427500 -947.308 172.653 
0.435000 -945.37 169.859 
0.442500 -943.43 167.077 
0.450000 -941.488 164.306 
0.457500 -939.544 161.548 
0.465000 -937.598 158.801 
0.472500 -935.65 156.066 
0.480000 -933.7 153.342 
0.487500 -931.749 150.631 
0.495000 -929.795 147.93 
0.502500 -927.839 145.242 
0.510000 -925.882 142.565 
0.517500 -923.923 139.9 
0.525000 -921.962 137.246 
0.532500 -919.999 134.604 
0.540000 -918.035 131.973 
0.547500 -916.069 129.354 
0.555000 -914.101 126.746 
0.562500 -912.132 124.149 
0.570000 -910.161 121.564 
0.577500 -908.189 118.991 
0.585000 -906.215 116.428 
0.592500 -904.24 113.877 
0.600000 -902.264 111.338 
0.607500 -900.286 108.809 
0.615000 -898.306 106.292 
0.622500 -896.325 103.786 
0.630000 -894.344 101.292 
0.637500 -892.36 98.8083 
0.645000 -890.376 96.3359 
0.652500 -888.39 93.8747 
0.660000 -886.403 91.4246 
0.667500 -884.415 88.9856 
0.675000 -882.426 86.5576 
0.682500 -880.436 84.1406 
0.690000 -878.445 81.7347 
0.697500 -876.452 79.3397 
0.705000 -874.459 76.9557 
0.712500 -872.465 74.5826 
0.720000 -870.47 72.2205 
0.727500 -868.474 69.8692 
0.735000 -866.477 67.5287 
0.742500 -864.479 65.1991 
0.750000 -862.48 62.8804 
0.757500 -860.481 60.5723 
0.765000 -858.481 58.2751 
0.772500 -856.48 55.9885 
0.780000 -854.478 53.7127 
0.787500 -852.476 51.4476 
0.795000 -850.473 49.1931 
0.802500 -848.47 46.9492 
0.810000 -846.466 44.716 
0.817500 -844.461 42.4933 
0.825000 -842.456 40.2812 
0.832500 -840.45 38.0796 
0.840000 -838.444 35.8886 
0.847500 -836.437 33.708 
0.855000 -834.43 31.5378 
0.862500 -832.423 29.3781 
0.870000 -830.415 27.2288 
0.877500 -828.407 25.0899 
0.885000 -826.398 22.9613 
0.892500 -824.39 20.8431 
0.900000 -822.381 18.7352 
0.907500 -820.371 16.6375 
0.915000 -818.362 14.5501 
0.922500 -816.352 12.4729 
0.930000 -814.343 10.406 
0.937500 -812.333 8.34918 
0.945000 -810.323 6.30255 
0.952500 -808.313 4.26605 
0.960000 -806.303 2.23965 
0.967500 -804.292 0.223326 
0.975000 -4.85088e-05 -2.58881e-05 
0.982500 -4.83227e-05 -2.57362e-05 
0.990000 -4.8137e-05 -2.55849e-05 
0.997500 -4.79518e-05 -2.54341e-05 
1.005000 -4.7767e-05 -2.52835e-05 
1.012500 -4.75826e-05 -2.51337e-05 
1.020000 -4.73987e-05 -2.49843e-05 
1.027500 -4.72152e-05 -2.48354e-05 
1.035000 -4.70322e-05 -2.4687e-05 
1.042500 -4.68496e-05 -2.45391e-05 
1.050000 -4.61342e-05 -2.4435e-05 
1.057500 -4.59546e-05 -2.43357e-05 
1.065000 -4.57761e-05 -2.42358e-05 
1.072500 -4.55986e-05 -2.41353e-05 
1.080000 -4.54222e-05 -2.40342e-05 
1.087500 -4.52469e-05 -2.39326e-05 
1.095000 -4.50727e-05 -2.38304e-05 
1.102500 -4.48995e-05 -2.37276e-05 
1.110000 -4.47274e-05 -2.36242e-05 
1.117500 -4.45564e-05 -2.35203e-05 
1.125000 -4.35511e-05 -2.3414e-05 
1.132500 -4.33843e-05 -2.33069e-05 
1.140000 -4.32186e-05 -2.31993e-05 
1.147500 -4.3054e-05 -2.30911e-05 
1.155000 -4.28905e-05 -2.29824e-05 
1.162500 -4.27281e-05 -2.28731e-05 
1.170000 -4.25667e-05 -2.27634e-05 
1.177500 -4.24064e-05 -2.26531e-05 
1.185000 -4.22472e-05 -2.25423e-05 
1.192500 -4.20891e-05 -2.2431e-05 
1.200000 -3.97275e-05 -2.22866e-05 
1.207500 -3.95762e-05 -2.21386e-05 
1.215000 -3.94252e-05 -2.19911e-05 
1.222500 -3.92746e-05 -2.1844e-05 
1.230000 -3.91244e-05 -2.16973e-05 
1.237500 -3.89744e-05 -2.15511e-05 
1.245000 -3.88249e-05 -2.14053e-05 
1.252500 -3.86757e-05 -2.12599e-05 
1.260000 -3.85268e-05 -2.11149e-05 
1.267500 -3.83783e-05 -2.09704e-05 
1.275000 -3.78111e-05 -2.08561e-05 
1.282500 -3.76652e-05 -2.0745e-05 
1.290000 -3.75203e-05 -2.06335e-05 
1.297500 -3.73765e-05 -2.05215e-05 
1.305000 -3.72336e-05 -2.04091e-05 
1.312500 -3.70918e-05 -2.02962e-05 
1.320000 -3.69511e-05 -2.01828e-05 
1.327500 -3.68113e-05 -2.0069e-05 
1.335000 -3.66726e-05 -1.99548e-05 
1.342500 -3.65349e-05 -1.98401e-05 
1.350000 -3.58014e-05 -1.97236e-05 
1.357500 -3.56673e-05 -1.96066e-05 
1.365000 -3.55342e-05 -1.94891e-05 
1.372500 -3.54021e-05 -1.93712e-05 
1.380000 -3.52711e-05 -1.92529e-05 
1.387500 -3.51411e-05 -1.91342e-05 
1.395000 -3.50122e-05 -1.90151e-05 
1.402500 -3.48842e-05 -1.88955e-05 
1.410000 -3.47573e-05 -1.87756e-05 
1.417500 -3.46315e-05 -1.86553e-05 
1.425000 -3.33925e-05 -1.85321e-05 
1.432500 -3.32715e-05 -1.84082e-05 
1.440000 -3.31516e-05 -1.82839e-05 
1.447500 -3.30327e-05 -1.81594e-05 
1.455000 -3.29148e-05 -1.80351e-05 
1.462500 -3.27979e-05 -1.7911e-05 
1.470000 -3.26821e-05 -1.77872e-05 
1.477500 -3.25674e-05 -1.76635e-05 
1.485000 -3.24536e-05 -1.754e-05 
1.492500 -3.23409e-05 -1.74168e-05 
1.500000 -1.2096e-05 -1.73106e-05 
1.507500 -1.20345e-05 -1.72064e-05 
1.515000 -1.19731e-05 -1.7102e-05 
1.522500 -1.19116e-05 -1.69975e-05 
1.530000 -1.18503e-05 -1.68928e-05 
1.537500 -1.17889e-05 -1.67878e-05 
1.545000 -1.17276e-05 -1.66829e-05 
1.552500 -1.16664e-05 -1.65783e-05 
1.560000 -1.16051e-05 -1.64742e-05 
1.567500 -1.1544e-05 -1.63706e-05 
1.575000 -1.0999e-05 -1.62684e-05 
1.582500 -1.09391e-05 -1.61669e-05 
1.590000 -1.08792e-05 -1.60657e-05 
1.597500 -1.08194e-05 -1.5965e-05 
1.605000 -1.07597e-05 -1.58648e-05 
1.612500 -1.06999e-05 -1.57649e-05 
1.620000 -1.06402e-05 -1.56655e-05 
1.627500 -1.05805e-05 -1.55665e-05 
1.635000 -1.05209e-05 -1.5468e-05 
1.642500 -1.04613e-05 -1.53698e-05 
1.650000 -1.01566e-05 -1.52726e-05 
1.657500 -1.00977e-05 -1.51759e-05 
1.665000 -1.00388e-05 -1.50796e-05 
1.672500 -9.97994e-06 -1.49837e-05 
1.680000 -9.92111e-06 -1.48882e-05 
1.687500 -9.86231e-06 -1.47932e-05 
1.695000 -9.80354e-06 -1.46985e-05 
1.702500 -9.7448e-06 -1.46042e-05 
1.710000 -9.68609e-06 -1.45103e-05 
1.717500 -9.62742e-06 -1.44168e-05 
1.725000 -9.40464e-06 -1.43241e-05 
1.732500 -9.34644e-06 -1.42318e-05 
1.740000 -9.28826e-06 -1.41399e-05 
1.747500 -9.2301e-06 -1.40484e-05 
1.755000 -9.17198e-06 -1.39572e-05 
1.762500 -9.11388e-06 -1.38664e-05 
1.770000 -9.05581e-06 -1.3776e-05 
1.777500 -8.99777e-06 -1.3686e-05 
1.785000 -8.93975e-06 -1.35964e-05 
1.792500 -8.88176e-06 -1.35071e-05 
1.800000 -8.70048e-06 -1.34185e-05 
1.807500 -8.64285e-06 -1.33302e-05 
1.815000 -8.58525e-06 -1.32423e-05 
1.822500 -8.52767e-06 -1.31548e-05 
1.830000 -8.47011e-06 -1.30677e-05 
1.837500 -8.41258e-06 -1.29809e-05 
1.845000 -8.35507e-06 -1.28944e-05 
1.852500 -8.29759e-06 -1.28083e-05 
1.860000 -8.24013e-06 -1.27226e-05 
1.867500 -8.18269e-06 -1.26372e-05 
1.875000 -8.02659e-06 -1.25523e-05 
1.882500 -7.96945e-06 -1.24679e-05 
1.890000 -7.91232e-06 -1.23837e-05 
1.897500 -7.85522e-06 -1.22999e-05 
1.905000 -7.79814e-06 -1.22165e-05 
1.912500 -7.74108e-06 -1.21333e-05 
1.920000 -7.68404e-06 -1.20506e-05 
1.927500 -7.62703e-06 -1.19681e-05 
1.935000 -7.57003e-06 -1.18859e-05 
1.942500 -7.51305e-06 -1.18041e-05 
1.950000 -7.37391e-06 -1.17228e-05 
1.957500 -7.31718e-06 -1.16419e-05 
1.965000 -7.26047e-06 -1.15612e-05 
1.972500 -7.20377e-06 -1.14809e-05 
1.980000 -7.14709e-06 -1.14009e-05 
1.987500 -7.09044e-06 -1.13211e-05 
1.995000 -7.0338e-06 -1.12417e-05 
2.002500 -6.97717e-06 -1.11627e-05 
2.010000 -6.92057e-06 -1.10839e-05 
2.017500 -6.86398e-06 -1.10054e-05 
2.025000 -6.73707e-06 -1.09274e-05 
2.032500 -6.68069e-06 -1.08497e-05 
2.040000 -6.62432e-06 -1.07723e-05 
2.047500 -6.56798e-06 -1.06951e-05 
2.055000 -6.51164e-06 -1.06183e-05 
2.062500 -6.45532e-06 -1.05418e-05 
2.070000 -6.39902e-06 -1.04656e-05 
2.077500 -6.34273e-06 -1.03896e-05 
2.085000 -6.28646e-06 -1.03139e-05 
2.092500 -6.2302e-06 -1.02385e-05 
2.100000 -6.11254e-06 -1.01636e-05 
2.107500 -6.05646e-06 -1.00889e-05 
2.115000 -6.00039e-06 -1.00145e-05 
2.122500 -5.94434e-06 -9.9404e-06 
2.130000 -5.88829e-06 -9.86656e-06 
2.137500 -5.83226e-06 -9.79298e-06 
2.145000 -5.77624e-06 -9.71968e-06 
2.152500 -5.72024e-06 -9.64665e-06 
2.160000 -5.66424e-06 -9.57388e-06 
2.167500 -5.60825e-06 -9.50137e-06 
2.175000 -5.49785e-06 -9.42925e-06 
2.182500 -5.44202e-06 -9.3574e-06 
2.190000 -5.3862e-06 -9.28581e-06 
2.197500 -5.33039e-06 -9.21448e-06 
2.205000 -5.27459e-06 -9.1434e-06 
2.212500 -5.2188e-06 -9.07258e-06 
2.220000 -5.16301e-06 -9.00201e-06 
2.227500 -5.10724e-06 -8.93168e-06 
2.235000 -5.05147e-06 -8.8616e-06 
2.242500 -4.99571e-06 -8.79177e-06 
2.250000 -4.89114e-06 -8.72229e-06 
2.257500 -4.83551e-06 -8.65307e-06 
2.265000 -4.7799e-06 -8.58408e-06 
2.272500 -4.72429e-06 -8.51534e-06 
2.280000 -4.66868e-06 -8.44683e-06 
2.287500 -4.61308e-06 -8.37856e-06 
2.295000 -4.55749e-06 -8.31051e-06 
2.302500 -4.5019e-06 -8.2427e-06 
2.310000 -4.44631e-06 -8.17512e-06 
2.317500 -4.39073e-06 -8.10777e-06 
2.325000 -4.29096e-06 -8.04074e-06 
2.332500 -4.23549e-06 -7.97395e-06 
2.340000 -4.18004e-06 -7.90738e-06 
2.347500 -4.12458e-06 -7.84103e-06 
2.355000 -4.06913e-06 -7.77491e-06 
2.362500 -4.01368e-06 -7.709e-06 
2.370000 -3.95823e-06 -7.6433e-06 
2.377500 -3.90278e-06 -7.57782e-06 
2.385000 -3.84733e-06 -7.51255e-06 
2.392500 -3.79189e-06 -7.44749e-06 
2.400000 -3.71281e-06 -7.32511e-06 
2.407500 -3.67655e-06 -7.19562e-06 
2.415000 -3.6406e-06 -7.06624e-06 
2.422500 -3.60494e-06 -6.93697e-06 
2.430000 -3.56959e-06 -6.8078e-06 
2.437500 -3.53454e-06 -6.67874e-06 
2.445000 -3.49979e-06 -6.54978e-06 
2.452500 -3.46534e-06 -6.42091e-06 
2.460000 -3.4312e-06 -6.29214e-06 
2.467500 -3.39737e-06 -6.16345e-06 
2.475000 -3.30637e-06 -6.08186e-06 
2.482500 -3.25592e-06 -6.00635e-06 
2.490000 -3.20548e-06 -5.93101e-06 
2.497500 -3.15504e-06 -5.85583e-06 
2.505000 -3.10461e-06 -5.78081e-06 
2.512500 -3.05417e-06 -5.70596e-06 
2.520000 -3.00374e-06 -5.63126e-06 
2.527500 -2.95331e-06 -5.55672e-06 
2.535000 -2.90289e-06 -5.48234e-06 
2.542500 -2.85246e-06 -5.40811e-06 
2.550000 -2.7634e-06 -5.33412e-06 
2.557500 -2.71308e-06 -5.26028e-06 
2.565000 -2.66275e-06 -5.1866e-06 
2.572500 -2.61243e-06 -5.11306e-06 
2.580000 -2.56211e-06 -5.03966e-06 
2.587500 -2.51179e-06 -4.96641e-06 
2.595000 -2.46147e-06 -4.89329e-06 
2.602500 -2.41115e-06 -4.82031e-06 
2.610000 -2.36083e-06 -4.74747e-06 
2.617500 -2.3105e-06 -4.67476e-06 
2.625000 -2.2348e-06 -4.566e-06 
2.632500 -2.19622e-06 -4.45273e-06 
2.640000 -2.15791e-06 -4.33948e-06 
2.647500 -2.11987e-06 -4.22626e-06 
2.655000 -2.0821e-06 -4.11306e-06 
2.662500 -2.0446e-06 -3.99988e-06 
2.670000 -2.00737e-06 -3.88673e-06 
2.677500 -1.97041e-06 -3.77359e-06 
2.685000 -1.93373e-06 -3.66046e-06 
2.692500 -1.89731e-06 -3.54734e-06 
2.700000 -1.81557e-06 -3.46133e-06 
2.707500 -1.77002e-06 -3.37884e-06 
2.715000 -1.72447e-06 -3.29644e-06 
2.722500 -1.67892e-06 -3.21414e-06 
2.730000 -1.63337e-06 -3.13192e-06 
2.737500 -1.58782e-06 -3.0498e-06 
2.745000 -1.54228e-06 -2.96775e-06 
2.752500 -1.49673e-06 -2.88579e-06 
2.760000 -1.45119e-06 -2.80392e-06 
2.767500 -1.40564e-06 -2.72212e-06 
2.775000 -1.32596e-06 -2.64047e-06 
2.782500 -1.2805e-06 -2.5589e-06 
2.790000 -1.23504e-06 -2.47741e-06 
2.797500 -1.18959e-06 -2.39599e-06 
2.805000 -1.14413e-06 -2.31463e-06 
2.812500 -1.09867e-06 -2.23334e-06 
2.820000 -1.05321e-06 -2.15212e-06 
2.827500 -1.00775e-06 -2.07095e-06 
2.835000 -9.62291e-07 -1.98984e-06 
2.842500 -9.16832e-07 -1.90879e-06 
2.850000 -8.43766e-07 -1.8131e-06 
2.857500 -8.03042e-07 -1.7155e-06 
2.865000 -7.62557e-07 -1.61784e-06 
2.872500 -7.22311e-07 -1.52013e-06 
2.880000 -6.82305e-07 -1.42236e-06 
2.887500 -6.42538e-07 -1.32454e-06 
2.895000 -6.03013e-07 -1.22665e-06 
2.902500 -5.63728e-07 -1.12869e-06 
2.910000 -5.24685e-07 -1.03067e-06 
2.917500 -4.85885e-07 -9.32587e-07 
2.925000 -4.12238e-07 -8.41439e-07 
2.932500 -3.71335e-07 -7.51219e-07 
2.940000 -3.30431e-07 -6.61021e-07 
2.947500 -2.89528e-07 -5.70841e-07 
2.955000 -2.48625e-07 -4.80678e-07 
2.962500 -2.07721e-07 -3.90527e-07 
2.970000 -1.66818e-07 -3.00388e-07 
2.977500 -1.25916e-07 -2.10257e-07 
2.985000 -8.50129e-08 -1.20132e-07 
2.992500 -4.41106e-08 -3.001e-08 
