0.000000 1.000000 0.999999
0.000000 2.000000 1.8755e-07
0.000000 3.000000 4.33525e-07
0.000000 4.000000 0

0.025000 1.000000 0.999999
0.025000 2.000000 1.60108e-07
0.025000 3.000000 7.80025e-07
0.025000 4.000000 0

0.050000 1.000000 0.999997
0.050000 2.000000 1.31475e-07
0.050000 3.000000 2.3726e-06
0.050000 4.000000 0

0.075000 1.000000 2.95992e-06
0.075000 2.000000 1.34599e-07
0.075000 3.000000 0.999997
0.075000 4.000000 0

0.100000 1.000000 8.66765e-07
0.100000 2.000000 1.80004e-07
0.100000 3.000000 0.999999
0.100000 4.000000 0

0.125000 1.000000 4.69908e-07
0.125000 2.000000 2.51209e-07
0.125000 3.000000 0.999999
0.125000 4.000000 0

0.150000 1.000000 2.97802e-07
0.150000 2.000000 3.59194e-07
0.150000 3.000000 0.999999
0.150000 4.000000 0

0.175000 1.000000 2.0685e-07
0.175000 2.000000 5.18048e-07
0.175000 3.000000 0.999999
0.175000 4.000000 0

0.200000 1.000000 1.55219e-07
0.200000 2.000000 7.71828e-07
0.200000 3.000000 0.999999
0.200000 4.000000 0

0.225000 1.000000 1.23785e-07
0.225000 2.000000 1.27011e-06
0.225000 3.000000 0.999999
0.225000 4.000000 0

0.250000 1.000000 1.03333e-07
0.250000 2.000000 2.76861e-06
0.250000 3.000000 0.999997
0.250000 4.000000 0

0.275000 1.000000 9.16951e-08
0.275000 2.000000 0.155379
0.275000 3.000000 0.844621
0.275000 4.000000 0

0.300000 1.000000 8.94627e-08
0.300000 2.000000 0.273554
0.300000 3.000000 0.726446
0.300000 4.000000 0

0.325000 1.000000 8.93556e-08
0.325000 2.000000 0.277056
0.325000 3.000000 0.722944
0.325000 4.000000 0

0.350000 1.000000 8.96258e-08
0.350000 2.000000 0.28041
0.350000 3.000000 0.71959
0.350000 4.000000 0

0.375000 1.000000 9.02865e-08
0.375000 2.000000 0.283625
0.375000 3.000000 0.716375
0.375000 4.000000 0

0.400000 1.000000 9.13605e-08
0.400000 2.000000 0.286709
0.400000 3.000000 0.713291
0.400000 4.000000 0

0.425000 1.000000 9.28817e-08
0.425000 2.000000 0.28967
0.425000 3.000000 0.71033
0.425000 4.000000 0

0.450000 1.000000 9.48973e-08
0.450000 2.000000 0.292514
0.450000 3.000000 0.707486
0.450000 4.000000 0

0.475000 1.000000 9.74713e-08
0.475000 2.000000 0.295251
0.475000 3.000000 0.704749
0.475000 4.000000 0

0.500000 1.000000 1.0069e-07
0.500000 2.000000 0.297919
0.500000 3.000000 0.702081
0.500000 4.000000 0

0.525000 1.000000 1.15551e-07
0.525000 2.000000 0.981525
0.525000 3.000000 0.0184747
0.525000 4.000000 0

0.550000 1.000000 1.48854e-07
0.550000 2.000000 0.999956
0.550000 3.000000 4.38741e-05
0.550000 4.000000 0

0.575000 1.000000 1.97089e-07
0.575000 2.000000 0.999983
0.575000 3.000000 1.68865e-05
0.575000 4.000000 0

0.600000 1.000000 2.70134e-07
0.600000 2.000000 0.99999
0.600000 3.000000 9.69403e-06
0.600000 4.000000 0

0.625000 1.000000 3.89385e-07
0.625000 2.000000 0.999993
0.625000 3.000000 6.41785e-06
0.625000 4.000000 0

0.650000 1.000000 6.06926e-07
0.650000 2.000000 0.999995
0.650000 3.000000 4.55155e-06
0.650000 4.000000 0

0.675000 1.000000 1.0769e-06
0.675000 2.000000 0.999996
0.675000 3.000000 3.2794e-06
0.675000 4.000000 0

0.700000 1.000000 2.33552e-06
0.700000 2.000000 0.999995
0.700000 3.000000 2.24357e-06
0.700000 4.000000 0

0.725000 1.000000 6.22803e-06
0.725000 2.000000 0.999992
0.725000 3.000000 1.48718e-06
0.725000 4.000000 0

0.750000 1.000000 2.53179e-05
0.750000 2.000000 0.999974
0.750000 3.000000 1.09932e-06
0.750000 4.000000 0

0.775000 1.000000 0.143082
0.775000 2.000000 0.856917
0.775000 3.000000 9.48284e-07
0.775000 4.000000 0

0.800000 1.000000 0.362434
0.800000 2.000000 0.637565
0.800000 3.000000 9.6159e-07
0.800000 4.000000 0

0.825000 1.000000 0.349601
0.825000 2.000000 0.650398
0.825000 3.000000 1.06165e-06
0.825000 4.000000 0

0.850000 1.000000 0.345906
0.850000 2.000000 0.654093
0.850000 3.000000 1.19773e-06
0.850000 4.000000 0

0.875000 1.000000 0.341719
0.875000 2.000000 0.658279
0.875000 3.000000 1.39773e-06
0.875000 4.000000 0

0.900000 1.000000 0.337372
0.900000 2.000000 0.662626
0.900000 3.000000 1.71597e-06
0.900000 4.000000 0

0.925000 1.000000 0.332842
0.925000 2.000000 0.667156
0.925000 3.000000 2.29378e-06
0.925000 4.000000 0

0.950000 1.000000 0.328022
0.950000 2.000000 0.671975
0.950000 3.000000 3.64812e-06
0.950000 4.000000 0

0.975000 1.000000 0.357362
0.975000 2.000000 0.642628
0.975000 3.000000 1.04709e-05
0.975000 4.000000 0

1.000000 1.000000 0.357362
1.000000 2.000000 0.642628
1.000000 3.000000 1.04709e-05
1.000000 4.000000 0

1.000000 1.000000 0.357362
1.000000 2.000000 0.642628
1.000000 3.000000 1.04709e-05
1.000000 4.000000 0

