0.000000 0.5 0.5 1 0 0 
0.000833 0.499806 0.500582 1 0 0 
0.001667 0.499194 0.502422 1 0 0 
0.002500 0.498752 0.503758 1 0 0 
0.003333 0.498558 0.504342 1 0 0 
0.004167 0.497948 0.50619 1 0 0 
0.005000 0.497506 0.507531 1 0 0 
0.005833 0.497313 0.508118 1 0 0 
0.006667 0.496705 0.509973 1 0 0 
0.007500 0.496264 0.511321 1 0 0 
0.008333 0.496072 0.51191 1 0 0 
0.009167 0.495465 0.513773 1 0 0 
0.010000 0.495025 0.515126 1 0 0 
0.010833 0.494833 0.515717 1 0 0 
0.011667 0.494227 0.517589 1 0 0 
0.012500 0.493789 0.518947 1 0 0 
0.013333 0.493598 0.519541 1 0 0 
0.014167 0.492993 0.52142 1 0 0 
0.015000 0.492556 0.522784 1 0 0 
0.015833 0.492365 0.523381 1 0 0 
0.016667 0.491762 0.525268 1 0 0 
0.017500 0.491326 0.526638 1 0 0 
0.018333 0.491136 0.527237 1 0 0 
0.019167 0.490535 0.529132 1 0 0 
0.020000 0.490099 0.530507 1 0 0 
0.020833 0.489909 0.531109 1 0 0 
0.021667 0.48931 0.533012 1 0 0 
0.022500 0.488876 0.534393 1 0 0 
0.023333 0.488686 0.534997 1 0 0 
0.024167 0.488088 0.536908 1 0 0 
0.025000 0.487655 0.538296 1 0 0 
0.025833 0.487466 0.538902 1 0 0 
0.026667 0.486869 0.540821 1 0 0 
0.027500 0.486437 0.542215 1 0 0 
0.028333 0.486249 0.542824 1 0 0 
0.029167 0.485654 0.544751 1 0 0 
0.030000 0.485223 0.54615 1 0 0 
0.030833 0.485035 0.546762 1 0 0 
0.031667 0.484441 0.548697 1 0 0 
0.032500 0.484011 0.550102 1 0 0 
0.033333 0.483824 0.550717 1 0 0 
0.034167 0.483231 0.55266 1 0 0 
0.035000 0.482803 0.554071 1 0 0 
0.035833 0.482616 0.554688 1 0 0 
0.036667 0.482025 0.55664 1 0 0 
0.037500 0.481597 0.558057 1 0 0 
0.038333 0.481411 0.558677 1 0 0 
0.039167 0.480821 0.560637 1 0 0 
0.040000 0.480395 0.56206 1 0 0 
0.040833 0.480209 0.562682 1 0 0 
0.041667 0.479621 0.56465 1 0 0 
0.042500 0.479195 0.56608 1 0 0 
0.043333 0.47901 0.566704 1 0 0 
0.044167 0.478423 0.568681 1 0 0 
0.045000 0.477999 0.570117 1 0 0 
0.045833 0.477813 0.570744 1 0 0 
0.046667 0.477229 0.572729 1 0 0 
0.047500 0.476805 0.574171 1 0 0 
0.048333 0.47662 0.574801 1 0 0 
0.049167 0.476037 0.576795 1 0 0 
0.050000 0.475615 0.578242 1 0 0 
0.050833 0.47543 0.578875 1 0 0 
0.051667 0.474848 0.580878 1 0 0 
0.052500 0.474427 0.582331 1 0 0 
0.053333 0.474243 0.582967 1 0 0 
0.054167 0.473663 0.584978 1 0 0 
0.055000 0.473243 0.586438 1 0 0 
0.055833 0.473059 0.587076 1 0 0 
0.056667 0.47248 0.589096 1 0 0 
0.057500 0.472061 0.590562 1 0 0 
0.058333 0.471878 0.591203 1 0 0 
0.059167 0.4713 0.593231 1 0 0 
0.060000 0.470882 0.594704 1 0 0 
0.060833 0.4707 0.595348 1 0 0 
0.061667 0.470124 0.597385 1 0 0 
0.062500 0.469707 0.598863 1 0 0 
0.063333 0.469525 0.59951 1 0 0 
0.064167 0.46895 0.601556 1 0 0 
0.065000 0.468534 0.603041 1 0 0 
0.065833 0.468352 0.60369 1 0 0 
0.066667 0.467779 0.605745 1 0 0 
0.067500 0.467364 0.607237 1 0 0 
0.068333 0.467183 0.607889 1 0 0 
0.069167 0.466611 0.609952 1 0 0 
0.070000 0.466197 0.61145 1 0 0 
0.070833 0.466016 0.612105 1 0 0 
0.071667 0.465446 0.614177 1 0 0 
0.072500 0.465033 0.615682 1 0 0 
0.073333 0.464852 0.616341 1 0 0 
0.074167 0.464285 0.618419 1 0 0 
0.075000 0.479811 0.619937 0 0 1 
0.075833 0.479757 0.620363 0 0 1 
0.076667 0.479584 0.621711 0 0 1 
0.077500 0.479457 0.622689 0 0 1 
0.078333 0.479401 0.623116 0 0 1 
0.079167 0.479224 0.624467 0 0 1 
0.080000 0.479095 0.625447 0 0 1 
0.080833 0.479038 0.625876 0 0 1 
0.081667 0.478857 0.62723 0 0 1 
0.082500 0.478725 0.628212 0 0 1 
0.083333 0.478667 0.628641 0 0 1 
0.084167 0.478483 0.629998 0 0 1 
0.085000 0.478348 0.630982 0 0 1 
0.085833 0.478288 0.631412 0 0 1 
0.086667 0.4781 0.632772 0 0 1 
0.087500 0.477962 0.633758 0 0 1 
0.088333 0.477902 0.634189 0 0 1 
0.089167 0.477709 0.635552 0 0 1 
0.090000 0.477569 0.636541 0 0 1 
0.090833 0.477507 0.636973 0 0 1 
0.091667 0.477311 0.638338 0 0 1 
0.092500 0.477167 0.639329 0 0 1 
0.093333 0.477104 0.639762 0 0 1 
0.094167 0.476904 0.64113 0 0 1 
0.095000 0.476758 0.642123 0 0 1 
0.095833 0.476694 0.642557 0 0 1 
0.096667 0.47649 0.643928 0 0 1 
0.097500 0.47634 0.644923 0 0 1 
0.098333 0.476275 0.645358 0 0 1 
0.099167 0.476067 0.646732 0 0 1 
0.100000 0.475915 0.647729 0 0 1 
0.100833 0.475848 0.648165 0 0 1 
0.101667 0.475636 0.649542 0 0 1 
0.102500 0.475481 0.650542 0 0 1 
0.103333 0.475413 0.650978 0 0 1 
0.104167 0.475197 0.652358 0 0 1 
0.105000 0.47504 0.65336 0 0 1 
0.105833 0.47497 0.653797 0 0 1 
0.106667 0.47475 0.65518 0 0 1 
0.107500 0.47459 0.656184 0 0 1 
0.108333 0.474519 0.656622 0 0 1 
0.109167 0.474295 0.658008 0 0 1 
0.110000 0.474132 0.659013 0 0 1 
0.110833 0.47406 0.659453 0 0 1 
0.111667 0.473832 0.660842 0 0 1 
0.112500 0.473665 0.661849 0 0 1 
0.113333 0.473592 0.66229 0 0 1 
0.114167 0.47336 0.663681 0 0 1 
0.115000 0.473191 0.664691 0 0 1 
0.115833 0.473116 0.665132 0 0 1 
0.116667 0.47288 0.666527 0 0 1 
0.117500 0.472708 0.667539 0 0 1 
0.118333 0.472632 0.667981 0 0 1 
0.119167 0.472392 0.669378 0 0 1 
0.120000 0.472217 0.670392 0 0 1 
0.120833 0.47214 0.670835 0 0 1 
0.121667 0.471895 0.672236 0 0 1 
0.122500 0.471717 0.673252 0 0 1 
0.123333 0.471639 0.673696 0 0 1 
0.124167 0.47139 0.675099 0 0 1 
0.125000 0.471209 0.676117 0 0 1 
0.125833 0.471129 0.676562 0 0 1 
0.126667 0.470877 0.677968 0 0 1 
0.127500 0.470692 0.678988 0 0 1 
0.128333 0.470611 0.679434 0 0 1 
0.129167 0.470355 0.680843 0 0 1 
0.130000 0.470167 0.681866 0 0 1 
0.130833 0.470085 0.682312 0 0 1 
0.131667 0.469824 0.683724 0 0 1 
0.132500 0.469634 0.684749 0 0 1 
0.133333 0.46955 0.685196 0 0 1 
0.134167 0.469285 0.686611 0 0 1 
0.135000 0.469092 0.687637 0 0 1 
0.135833 0.469007 0.688086 0 0 1 
0.136667 0.468738 0.689504 0 0 1 
0.137500 0.468541 0.690532 0 0 1 
0.138333 0.468455 0.690982 0 0 1 
0.139167 0.468181 0.692402 0 0 1 
0.140000 0.467982 0.693433 0 0 1 
0.140833 0.467894 0.693883 0 0 1 
0.141667 0.467616 0.695307 0 0 1 
0.142500 0.467414 0.696339 0 0 1 
0.143333 0.467325 0.69679 0 0 1 
0.144167 0.467043 0.698217 0 0 1 
0.145000 0.466837 0.699252 0 0 1 
0.145833 0.466747 0.699704 0 0 1 
0.146667 0.466461 0.701133 0 0 1 
0.147500 0.466252 0.70217 0 0 1 
0.148333 0.46616 0.702623 0 0 1 
0.149167 0.46587 0.704055 0 0 1 
0.150000 0.465658 0.705094 0 0 1 
0.150833 0.465565 0.705548 0 0 1 
0.151667 0.46527 0.706983 0 0 1 
0.152500 0.465055 0.708023 0 0 1 
0.153333 0.46496 0.708478 0 0 1 
0.154167 0.464661 0.709916 0 0 1 
0.155000 0.464443 0.710959 0 0 1 
0.155833 0.464347 0.711415 0 0 1 
0.156667 0.464043 0.712855 0 0 1 
0.157500 0.463822 0.7139 0 0 1 
0.158333 0.463725 0.714357 0 0 1 
0.159167 0.463417 0.715801 0 0 1 
0.160000 0.463192 0.716848 0 0 1 
0.160833 0.463094 0.717305 0 0 1 
0.161667 0.462781 0.718752 0 0 1 
0.162500 0.462554 0.719801 0 0 1 
0.163333 0.462454 0.720259 0 0 1 
0.164167 0.462137 0.721708 0 0 1 
0.165000 0.461906 0.722759 0 0 1 
0.165833 0.461805 0.723219 0 0 1 
0.166667 0.461484 0.724671 0 0 1 
0.167500 0.461249 0.725724 0 0 1 
0.168333 0.461147 0.726184 0 0 1 
0.169167 0.460821 0.727639 0 0 1 
0.170000 0.460584 0.728694 0 0 1 
0.170833 0.46048 0.729155 0 0 1 
0.171667 0.460149 0.730613 0 0 1 
0.172500 0.459909 0.73167 0 0 1 
0.173333 0.459803 0.732132 0 0 1 
0.174167 0.459469 0.733593 0 0 1 
0.175000 0.459225 0.734652 0 0 1 
0.175833 0.459118 0.735115 0 0 1 
0.176667 0.458779 0.736578 0 0 1 
0.177500 0.458532 0.73764 0 0 1 
0.178333 0.458423 0.738103 0 0 1 
0.179167 0.45808 0.73957 0 0 1 
0.180000 0.457829 0.740633 0 0 1 
0.180833 0.45772 0.741098 0 0 1 
0.181667 0.457371 0.742567 0 0 1 
0.182500 0.457118 0.743632 0 0 1 
0.183333 0.457006 0.744098 0 0 1 
0.184167 0.456654 0.745569 0 0 1 
0.185000 0.456397 0.746637 0 0 1 
0.185833 0.456284 0.747103 0 0 1 
0.186667 0.455927 0.748578 0 0 1 
0.187500 0.455666 0.749647 0 0 1 
0.188333 0.455552 0.750114 0 0 1 
0.189167 0.45519 0.751592 0 0 1 
0.190000 0.454927 0.752663 0 0 1 
0.190833 0.454811 0.753131 0 0 1 
0.191667 0.454445 0.754612 0 0 1 
0.192500 0.454178 0.755685 0 0 1 
0.193333 0.454061 0.756154 0 0 1 
0.194167 0.45369 0.757637 0 0 1 
0.195000 0.453419 0.758713 0 0 1 
0.195833 0.453301 0.759183 0 0 1 
0.196667 0.452925 0.760668 0 0 1 
0.197500 0.452651 0.761746 0 0 1 
0.198333 0.452531 0.762217 0 0 1 
0.199167 0.452151 0.763705 0 0 1 
0.200000 0.451874 0.764785 0 0 1 
0.200833 0.451752 0.765256 0 0 1 
0.201667 0.451367 0.766748 0 0 1 
0.202500 0.451087 0.767829 0 0 1 
0.203333 0.450964 0.768302 0 0 1 
0.204167 0.450574 0.769796 0 0 1 
0.205000 0.45029 0.770879 0 0 1 
0.205833 0.450166 0.771353 0 0 1 
0.206667 0.449771 0.772849 0 0 1 
0.207500 0.449484 0.773935 0 0 1 
0.208333 0.449358 0.774409 0 0 1 
0.209167 0.448959 0.775909 0 0 1 
0.210000 0.448668 0.776996 0 0 1 
0.210833 0.44854 0.777471 0 0 1 
0.211667 0.448136 0.778974 0 0 1 
0.212500 0.447842 0.780063 0 0 1 
0.213333 0.447713 0.780539 0 0 1 
0.214167 0.447304 0.782044 0 0 1 
0.215000 0.447007 0.783136 0 0 1 
0.215833 0.446876 0.783613 0 0 1 
0.216667 0.446463 0.78512 0 0 1 
0.217500 0.446161 0.786214 0 0 1 
0.218333 0.446029 0.786692 0 0 1 
0.219167 0.445611 0.788202 0 0 1 
0.220000 0.445306 0.789298 0 0 1 
0.220833 0.445173 0.789776 0 0 1 
0.221667 0.44475 0.791289 0 0 1 
0.222500 0.444441 0.792387 0 0 1 
0.223333 0.444306 0.792866 0 0 1 
0.224167 0.443878 0.794382 0 0 1 
0.225000 0.443567 0.795482 0 0 1 
0.225833 0.44343 0.795962 0 0 1 
0.226667 0.442997 0.797481 0 0 1 
0.227500 0.442682 0.798582 0 0 1 
0.228333 0.442544 0.799063 0 0 1 
0.229167 0.442106 0.800585 0 0 1 
0.230000 0.441787 0.801688 0 0 1 
0.230833 0.441647 0.80217 0 0 1 
0.231667 0.441205 0.803694 0 0 1 
0.232500 0.440882 0.8048 0 0 1 
0.233333 0.440741 0.805283 0 0 1 
0.234167 0.440293 0.806809 0 0 1 
0.235000 0.439967 0.807917 0 0 1 
0.235833 0.439825 0.8084 0 0 1 
0.236667 0.439372 0.80993 0 0 1 
0.237500 0.439043 0.811039 0 0 1 
0.238333 0.438898 0.811524 0 0 1 
0.239167 0.438441 0.813056 0 0 1 
0.240000 0.438107 0.814167 0 0 1 
0.240833 0.437962 0.814652 0 0 1 
0.241667 0.437499 0.816187 0 0 1 
0.242500 0.437162 0.8173 0 0 1 
0.243333 0.437015 0.817787 0 0 1 
0.244167 0.436547 0.819324 0 0 1 
0.245000 0.436207 0.820439 0 0 1 
0.245833 0.436058 0.820926 0 0 1 
0.246667 0.435585 0.822467 0 0 1 
0.247500 0.435241 0.823584 0 0 1 
0.248333 0.43509 0.824072 0 0 1 
0.249167 0.434613 0.825614 0 0 1 
0.250000 0.434265 0.826733 0 0 1 
0.250833 0.434113 0.827222 0 0 1 
0.251667 0.43363 0.828768 0 0 1 
0.252500 0.433279 0.829889 0 0 1 
0.253333 0.433125 0.830378 0 0 1 
0.254167 0.432637 0.831926 0 0 1 
0.255000 0.432282 0.833049 0 0 1 
0.255833 0.432127 0.83354 0 0 1 
0.256667 0.431634 0.835091 0 0 1 
0.257500 0.431275 0.836215 0 0 1 
0.258333 0.431118 0.836707 0 0 1 
0.259167 0.43062 0.83826 0 0 1 
0.260000 0.430257 0.839387 0 0 1 
0.260833 0.430099 0.839879 0 0 1 
0.261667 0.429595 0.841435 0 0 1 
0.262500 0.429229 0.842563 0 0 1 
0.263333 0.429069 0.843057 0 0 1 
0.264167 0.428561 0.844615 0 0 1 
0.265000 0.428191 0.845746 0 0 1 
0.265833 0.428029 0.846239 0 0 1 
0.266667 0.427515 0.847801 0 0 1 
0.267500 0.427141 0.848933 0 0 1 
0.268333 0.426978 0.849428 0 0 1 
0.269167 0.426459 0.850992 0 0 1 
0.270000 0.426082 0.852126 0 0 1 
0.270833 0.425916 0.852622 0 0 1 
0.271667 0.425392 0.854188 0 0 1 
0.272500 0.425011 0.855324 0 0 1 
0.273333 0.424844 0.855821 0 0 1 
0.274167 0.424315 0.85739 0 0 1 
0.275000 0.42393 0.858528 0 0 1 
0.275833 0.423761 0.859025 0 0 1 
0.276667 0.423227 0.860597 0 0 1 
0.277500 0.422838 0.861736 0 0 1 
0.278333 0.422668 0.862234 0 0 1 
0.279167 0.422128 0.863809 0 0 1 
0.280000 0.421736 0.864951 0 0 1 
0.280833 0.421564 0.865449 0 0 1 
0.281667 0.421019 0.867026 0 0 1 
0.282500 0.420622 0.86817 0 0 1 
0.283333 0.420448 0.86867 0 0 1 
0.284167 0.419898 0.870249 0 0 1 
0.285000 0.419498 0.871394 0 0 1 
0.285833 0.419323 0.871895 0 0 1 
0.286667 0.418767 0.873477 0 0 1 
0.287500 0.418363 0.874624 0 0 1 
0.288333 0.418186 0.875126 0 0 1 
0.289167 0.417625 0.87671 0 0 1 
0.290000 0.417216 0.877859 0 0 1 
0.290833 0.417038 0.878361 0 0 1 
0.291667 0.416471 0.879949 0 0 1 
0.292500 0.416059 0.8811 0 0 1 
0.293333 0.415879 0.881603 0 0 1 
0.294167 0.415307 0.883192 0 0 1 
0.295000 0.414891 0.884345 0 0 1 
0.295833 0.414709 0.884849 0 0 1 
0.296667 0.414132 0.886441 0 0 1 
0.297500 0.413712 0.887596 0 0 1 
0.298333 0.413528 0.8881 0 0 1 
0.299167 0.412946 0.889695 0 0 1 
0.300000 0.412522 0.890852 0 0 1 
0.300833 0.412336 0.891357 0 0 1 
0.301667 0.411748 0.892954 0 0 1 
0.302500 0.41132 0.894113 0 0 1 
0.303333 0.411133 0.894619 0 0 1 
0.304167 0.41054 0.896219 0 0 1 
0.305000 0.410108 0.897379 0 0 1 
0.305833 0.409919 0.897886 0 0 1 
0.306667 0.40932 0.899488 0 0 1 
0.307500 0.408884 0.90065 0 0 1 
0.308333 0.408693 0.901158 0 0 1 
0.309167 0.408089 0.902763 0 0 1 
0.310000 0.407649 0.903927 0 0 1 
0.310833 0.407457 0.904435 0 0 1 
0.311667 0.406846 0.906042 0 0 1 
0.312500 0.406403 0.907208 0 0 1 
0.313333 0.406208 0.907717 0 0 1 
0.314167 0.405593 0.909327 0 0 1 
0.315000 0.405145 0.910495 0 0 1 
0.315833 0.404949 0.911005 0 0 1 
0.316667 0.404328 0.912617 0 0 1 
0.317500 0.403876 0.913786 0 0 1 
0.318333 0.403678 0.914297 0 0 1 
0.319167 0.403051 0.915912 0 0 1 
0.320000 0.402595 0.917083 0 0 1 
0.320833 0.402396 0.917595 0 0 1 
0.321667 0.401763 0.919212 0 0 1 
0.322500 0.401303 0.920385 0 0 1 
0.323333 0.401102 0.920897 0 0 1 
0.324167 0.400464 0.922517 0 0 1 
0.325000 0.4 0.923691 0 1 0 
0.325833 0.400513 0.923131 0 1 0 
0.326667 0.402134 0.921363 0 1 0 
0.327500 0.403309 0.920086 0 1 0 
0.328333 0.403822 0.919529 0 1 0 
0.329167 0.405443 0.917775 0 1 0 
0.330000 0.406617 0.916507 0 1 0 
0.330833 0.40713 0.915954 0 1 0 
0.331667 0.40875 0.914213 0 1 0 
0.332500 0.409924 0.912954 0 1 0 
0.333333 0.410437 0.912405 0 1 0 
0.334167 0.412057 0.910676 0 1 0 
0.335000 0.413231 0.909427 0 1 0 
0.335833 0.413744 0.908882 0 1 0 
0.336667 0.415364 0.907166 0 1 0 
0.337500 0.416538 0.905926 0 1 0 
0.338333 0.41705 0.905385 0 1 0 
0.339167 0.41867 0.903681 0 1 0 
0.340000 0.419844 0.90245 0 1 0 
0.340833 0.420356 0.901914 0 1 0 
0.341667 0.421976 0.900223 0 1 0 
0.342500 0.423149 0.899001 0 1 0 
0.343333 0.423662 0.898468 0 1 0 
0.344167 0.425281 0.896789 0 1 0 
0.345000 0.426455 0.895576 0 1 0 
0.345833 0.426967 0.895047 0 1 0 
0.346667 0.428586 0.893381 0 1 0 
0.347500 0.429759 0.892177 0 1 0 
0.348333 0.430272 0.891652 0 1 0 
0.349167 0.431891 0.889998 0 1 0 
0.350000 0.433064 0.888803 0 0 1 
0.350833 0.432887 0.889316 0 0 1 
0.351667 0.432327 0.890936 0 0 1 
0.352500 0.431919 0.89211 0 0 1 
0.353333 0.431741 0.892624 0 0 1 
0.354167 0.431175 0.894246 0 0 1 
0.355000 0.430763 0.895423 0 0 1 
0.355833 0.430583 0.895937 0 0 1 
0.356667 0.430012 0.897563 0 0 1 
0.357500 0.429596 0.898741 0 0 1 
0.358333 0.429414 0.899256 0 0 1 
0.359167 0.428837 0.900884 0 0 1 
0.360000 0.428418 0.902065 0 0 1 
0.360833 0.428234 0.902581 0 0 1 
0.361667 0.427651 0.904211 0 0 1 
0.362500 0.427228 0.905394 0 0 1 
0.363333 0.427042 0.90591 0 0 1 
0.364167 0.426454 0.907544 0 0 1 
0.365000 0.426027 0.908728 0 0 1 
0.365833 0.425839 0.909245 0 0 1 
0.366667 0.425246 0.910881 0 0 1 
0.367500 0.424814 0.912068 0 0 1 
0.368333 0.424625 0.912586 0 0 1 
0.369167 0.424026 0.914224 0 0 1 
0.370000 0.42359 0.915412 0 0 1 
0.370833 0.4234 0.915932 0 0 1 
0.371667 0.422795 0.917573 0 0 1 
0.372500 0.422355 0.918763 0 0 1 
0.373333 0.422163 0.919283 0 0 1 
0.374167 0.421552 0.920926 0 0 1 
0.375000 0.421108 0.922118 0 0 1 
0.375833 0.420914 0.922639 0 0 1 
0.376667 0.420298 0.924285 0 0 1 
0.377500 0.41985 0.925479 0 0 1 
0.378333 0.419654 0.926 0 0 1 
0.379167 0.419032 0.927649 0 0 1 
0.380000 0.41858 0.928845 0 0 1 
0.380833 0.418382 0.929367 0 0 1 
0.381667 0.417755 0.931018 0 0 1 
0.382500 0.417299 0.932216 0 0 1 
0.383333 0.417099 0.932739 0 0 1 
0.384167 0.416466 0.934393 0 0 1 
0.385000 0.416006 0.935592 0 0 1 
0.385833 0.415804 0.936116 0 0 1 
0.386667 0.415165 0.937773 0 0 1 
0.387500 0.414701 0.938974 0 0 1 
0.388333 0.414497 0.939499 0 0 1 
0.389167 0.413853 0.941158 0 0 1 
0.390000 0.413384 0.942361 0 0 1 
0.390833 0.413179 0.942886 0 0 1 
0.391667 0.412529 0.944548 0 0 1 
0.392500 0.412056 0.945753 0 0 1 
0.393333 0.411849 0.946279 0 0 1 
0.394167 0.411193 0.947943 0 0 1 
0.395000 0.410716 0.94915 0 0 1 
0.395833 0.410507 0.949677 0 0 1 
0.396667 0.409845 0.951343 0 0 1 
0.397500 0.409364 0.952552 0 0 1 
0.398333 0.409153 0.95308 0 0 1 
0.399167 0.408485 0.954749 0 0 1 
0.400000 0.408 0.955959 0 1 0 
0.400833 0.408528 0.955377 0 1 0 
0.401667 0.410199 0.95354 0 1 0 
0.402500 0.411409 0.952213 0 1 0 
0.403333 0.411938 0.951635 0 1 0 
0.404167 0.413608 0.949811 0 1 0 
0.405000 0.414818 0.948494 0 1 0 
0.405833 0.415346 0.94792 0 1 0 
0.406667 0.417016 0.94611 0 1 0 
0.407500 0.418226 0.944802 0 1 0 
0.408333 0.418754 0.944232 0 1 0 
0.409167 0.420423 0.942435 0 1 0 
0.410000 0.421633 0.941137 0 1 0 
0.410833 0.422161 0.940571 0 1 0 
0.411667 0.42383 0.938788 0 1 0 
0.412500 0.42504 0.937499 0 1 0 
0.413333 0.425568 0.936937 0 1 0 
0.414167 0.427236 0.935167 0 1 0 
0.415000 0.428446 0.933887 0 1 0 
0.415833 0.428974 0.93333 0 1 0 
0.416667 0.430642 0.931572 0 1 0 
0.417500 0.431851 0.930302 0 1 0 
0.418333 0.432379 0.929749 0 1 0 
0.419167 0.434048 0.928004 0 1 0 
0.420000 0.435257 0.926743 0 1 0 
0.420833 0.435784 0.926194 0 1 0 
0.421667 0.437453 0.924462 0 1 0 
0.422500 0.438661 0.923211 0 1 0 
0.423333 0.439189 0.922666 0 1 0 
0.424167 0.440857 0.920947 0 1 0 
0.425000 0.442066 0.919705 0 0 1 
0.425833 0.441881 0.920233 0 0 1 
0.426667 0.441293 0.921901 0 0 1 
0.427500 0.440866 0.923112 0 0 1 
0.428333 0.440679 0.923641 0 0 1 
0.429167 0.440086 0.925312 0 0 1 
0.430000 0.439655 0.926525 0 0 1 
0.430833 0.439466 0.927054 0 0 1 
0.431667 0.438867 0.928728 0 0 1 
0.432500 0.438432 0.929943 0 0 1 
0.433333 0.438241 0.930473 0 0 1 
0.434167 0.437637 0.93215 0 0 1 
0.435000 0.437197 0.933366 0 0 1 
0.435833 0.437005 0.933898 0 0 1 
0.436667 0.436395 0.935577 0 0 1 
0.437500 0.435951 0.936796 0 0 1 
0.438333 0.435757 0.937328 0 0 1 
0.439167 0.435141 0.93901 0 0 1 
0.440000 0.434693 0.94023 0 0 1 
0.440833 0.434497 0.940763 0 0 1 
0.441667 0.433875 0.942448 0 0 1 
0.442500 0.433423 0.94367 0 0 1 
0.443333 0.433225 0.944204 0 0 1 
0.444167 0.432598 0.945892 0 0 1 
0.445000 0.432142 0.947116 0 0 1 
0.445833 0.431942 0.94765 0 0 1 
0.446667 0.431309 0.949341 0 0 1 
0.447500 0.430848 0.950566 0 0 1 
0.448333 0.430647 0.951102 0 0 1 
0.449167 0.430008 0.952795 0 0 1 
0.450000 0.429543 0.954023 0 0 1 
0.450833 0.42934 0.954559 0 0 1 
0.451667 0.428695 0.956255 0 0 1 
0.452500 0.428226 0.957484 0 0 1 
0.453333 0.428021 0.958021 0 0 1 
0.454167 0.42737 0.95972 0 0 1 
0.455000 0.426897 0.960951 0 0 1 
0.455833 0.42669 0.961489 0 0 1 
0.456667 0.426033 0.96319 0 0 1 
0.457500 0.425556 0.964423 0 0 1 
0.458333 0.425347 0.964962 0 0 1 
0.459167 0.424684 0.966666 0 0 1 
0.460000 0.424202 0.967901 0 0 1 
0.460833 0.423991 0.968441 0 0 1 
0.461667 0.423323 0.970147 0 0 1 
0.462500 0.422837 0.971384 0 0 1 
0.463333 0.422624 0.971924 0 0 1 
0.464167 0.42195 0.973633 0 0 1 
0.465000 0.42146 0.974872 0 0 1 
0.465833 0.421245 0.975414 0 0 1 
0.466667 0.420565 0.977125 0 0 1 
0.467500 0.42007 0.978366 0 0 1 
0.468333 0.419853 0.978908 0 0 1 
0.469167 0.419167 0.980622 0 0 1 
0.470000 0.418668 0.981864 0 0 1 
0.470833 0.41845 0.982407 0 0 1 
0.471667 0.417757 0.984124 0 0 1 
0.472500 0.417254 0.985368 0 0 1 
0.473333 0.417034 0.985912 0 0 1 
0.474167 0.416335 0.987631 0 0 1 
0.475000 0.415828 0.988877 0 0 1 
0.475833 0.415605 0.989422 0 0 1 
0.476667 0.414901 0.991143 0 0 1 
0.477500 0.414389 0.992392 0 0 1 
0.478333 0.414165 0.992937 0 0 1 
0.479167 0.413454 0.994661 0 0 1 
0.480000 0.412937 0.995911 0 0 1 
0.480833 0.412711 0.996458 0 0 1 
0.481667 0.411995 0.998184 0 0 1 
0.482500 0.411474 0.999436 0 0 1 
0.483333 0.411246 0.999983 0 0 1 
0.484167 0.410523 1.00171 0 0 1 
0.485000 0.409998 1.00297 0 0 1 
0.485833 0.409768 1.00351 0 0 1 
0.486667 0.409039 1.00525 0 0 1 
0.487500 0.408509 1.0065 0 0 1 
0.488333 0.408277 1.00705 0 0 1 
0.489167 0.407542 1.00878 0 0 1 
0.490000 0.407008 1.01004 0 0 1 
0.490833 0.406774 1.01059 0 0 1 
0.491667 0.406033 1.01233 0 0 1 
0.492500 0.405494 1.01359 0 0 1 
0.493333 0.405258 1.01414 0 0 1 
0.494167 0.404511 1.01588 0 0 1 
0.495000 0.403967 1.01714 0 0 1 
0.495833 0.403729 1.01769 0 0 1 
0.496667 0.402976 1.01943 0 0 1 
0.497500 0.402428 1.02069 0 0 1 
0.498333 0.402188 1.02124 0 0 1 
0.499167 0.401428 1.02299 0 0 1 
0.500000 0.400876 1.02425 0 1 0 
0.500833 0.401428 1.02361 0 1 0 
0.501667 0.403173 1.0216 0 1 0 
0.502500 0.404438 1.02015 0 1 0 
0.503333 0.40499 1.01951 0 1 0 
0.504167 0.406735 1.01752 0 1 0 
0.505000 0.407999 1.01607 0 1 0 
0.505833 0.408551 1.01544 0 1 0 
0.506667 0.410295 1.01346 0 1 0 
0.507500 0.411558 1.01203 0 1 0 
0.508333 0.41211 1.0114 0 1 0 
0.509167 0.413854 1.00943 0 1 0 
0.510000 0.415117 1.00801 0 1 0 
0.510833 0.415668 1.00739 0 1 0 
0.511667 0.417411 1.00543 0 1 0 
0.512500 0.418674 1.00402 0 1 0 
0.513333 0.419226 1.00341 0 1 0 
0.514167 0.420968 1.00147 0 1 0 
0.515000 0.42223 1.00006 0 1 0 
0.515833 0.422782 0.999452 0 1 0 
0.516667 0.424523 0.997525 0 1 0 
0.517500 0.425786 0.996133 0 1 0 
0.518333 0.426337 0.995526 0 1 0 
0.519167 0.428078 0.993613 0 1 0 
0.520000 0.42934 0.992231 0 1 0 
0.520833 0.429891 0.991628 0 1 0 
0.521667 0.431632 0.989729 0 1 0 
0.522500 0.432893 0.988357 0 1 0 
0.523333 0.433444 0.987759 0 1 0 
0.524167 0.435185 0.985874 0 1 0 
0.525000 0.436446 0.984512 0 1 0 
0.525833 0.436997 0.983918 0 1 0 
0.526667 0.438737 0.982046 0 1 0 
0.527500 0.439998 0.980694 0 1 0 
0.528333 0.440549 0.980105 0 1 0 
0.529167 0.442289 0.978247 0 1 0 
0.530000 0.44355 0.976905 0 1 0 
0.530833 0.4441 0.976319 0 1 0 
0.531667 0.44584 0.974475 0 1 0 
0.532500 0.447101 0.973143 0 1 0 
0.533333 0.447651 0.972562 0 1 0 
0.534167 0.44939 0.970731 0 1 0 
0.535000 0.450651 0.969409 0 1 0 
0.535833 0.451201 0.968832 0 1 0 
0.536667 0.45294 0.967015 0 1 0 
0.537500 0.454201 0.965702 0 1 0 
0.538333 0.454751 0.96513 0 1 0 
0.539167 0.45649 0.963326 0 1 0 
0.540000 0.45775 0.962023 0 1 0 
0.540833 0.458301 0.961454 0 1 0 
0.541667 0.46004 0.959664 0 1 0 
0.542500 0.4613 0.95837 0 1 0 
0.543333 0.46185 0.957807 0 1 0 
0.544167 0.463589 0.956029 0 1 0 
0.545000 0.464849 0.954745 0 1 0 
0.545833 0.465399 0.954186 0 1 0 
0.546667 0.467138 0.952422 0 1 0 
0.547500 0.468398 0.951147 0 1 0 
0.548333 0.468948 0.950592 0 1 0 
0.549167 0.470687 0.948841 0 1 0 
0.550000 0.471947 0.947576 0 1 0 
0.550833 0.472497 0.947024 0 1 0 
0.551667 0.474235 0.945287 0 1 0 
0.552500 0.475495 0.944031 0 1 0 
0.553333 0.476046 0.943484 0 1 0 
0.554167 0.477784 0.941759 0 1 0 
0.555000 0.479044 0.940513 0 1 0 
0.555833 0.479594 0.93997 0 1 0 
0.556667 0.481333 0.938258 0 1 0 
0.557500 0.482593 0.937021 0 1 0 
0.558333 0.483143 0.936482 0 1 0 
0.559167 0.484882 0.934783 0 1 0 
0.560000 0.486142 0.933556 0 1 0 
0.560833 0.486693 0.933021 0 1 0 
0.561667 0.488431 0.931334 0 1 0 
0.562500 0.489692 0.930116 0 1 0 
0.563333 0.490242 0.929585 0 1 0 
0.564167 0.491981 0.927912 0 1 0 
0.565000 0.493241 0.926703 0 1 0 
0.565833 0.493792 0.926176 0 1 0 
0.566667 0.495531 0.924515 0 1 0 
0.567500 0.496791 0.923315 0 1 0 
0.568333 0.497342 0.922792 0 1 0 
0.569167 0.499081 0.921144 0 1 0 
0.570000 0.500342 0.919954 0 1 0 
0.570833 0.500892 0.919435 0 1 0 
0.571667 0.502632 0.917799 0 1 0 
0.572500 0.503893 0.916617 0 1 0 
0.573333 0.504444 0.916102 0 1 0 
0.574167 0.506183 0.914479 0 1 0 
0.575000 0.507444 0.913307 0 1 0 
0.575833 0.507995 0.912796 0 1 0 
0.576667 0.509735 0.911185 0 1 0 
0.577500 0.510997 0.910022 0 1 0 
0.578333 0.511548 0.909514 0 1 0 
0.579167 0.513288 0.907916 0 1 0 
0.580000 0.51455 0.906762 0 1 0 
0.580833 0.515101 0.906258 0 1 0 
0.581667 0.516841 0.904672 0 1 0 
0.582500 0.518103 0.903527 0 1 0 
0.583333 0.518654 0.903027 0 1 0 
0.584167 0.520396 0.901454 0 1 0 
0.585000 0.521658 0.900317 0 1 0 
0.585833 0.522209 0.899821 0 1 0 
0.586667 0.523951 0.89826 0 1 0 
0.587500 0.525213 0.897132 0 1 0 
0.588333 0.525765 0.89664 0 1 0 
0.589167 0.527507 0.895091 0 1 0 
0.590000 0.52877 0.893971 0 1 0 
0.590833 0.529321 0.893484 0 1 0 
0.591667 0.531064 0.891946 0 1 0 
0.592500 0.532327 0.890836 0 1 0 
0.593333 0.532879 0.890352 0 1 0 
0.594167 0.534622 0.888827 0 1 0 
0.595000 0.535885 0.887725 0 1 0 
0.595833 0.536437 0.887245 0 1 0 
0.596667 0.538181 0.885731 0 1 0 
0.597500 0.539445 0.884638 0 1 0 
0.598333 0.539997 0.884162 0 1 0 
0.599167 0.541741 0.88266 0 1 0 
0.600000 0.543006 0.881576 0 1 0 
0.600833 0.543558 0.881103 0 1 0 
0.601667 0.545303 0.879613 0 1 0 
0.602500 0.546568 0.878537 0 1 0 
0.603333 0.54712 0.878068 0 1 0 
0.604167 0.548866 0.87659 0 1 0 
0.605000 0.550131 0.875523 0 1 0 
0.605833 0.550684 0.875058 0 1 0 
0.606667 0.55243 0.873592 0 1 0 
0.607500 0.553696 0.872533 0 1 0 
0.608333 0.554249 0.872071 0 1 0 
0.609167 0.555996 0.870617 0 1 0 
0.610000 0.557263 0.869566 0 1 0 
0.610833 0.557816 0.869108 0 1 0 
0.611667 0.559563 0.867665 0 1 0 
0.612500 0.56083 0.866623 0 1 0 
0.613333 0.561384 0.866169 0 1 0 
0.614167 0.563132 0.864738 0 1 0 
0.615000 0.5644 0.863704 0 1 0 
0.615833 0.564953 0.863253 0 1 0 
0.616667 0.566703 0.861834 0 1 0 
0.617500 0.567971 0.860808 0 1 0 
0.618333 0.568525 0.860361 0 1 0 
0.619167 0.570275 0.858953 0 1 0 
0.620000 0.571544 0.857936 0 1 0 
0.620833 0.572098 0.857492 0 1 0 
0.621667 0.573849 0.856095 0 1 0 
0.622500 0.575118 0.855086 0 1 0 
0.623333 0.575673 0.854647 0 1 0 
0.624167 0.577425 0.853261 0 1 0 
0.625000 0.578695 0.85226 0 1 0 
0.625833 0.579249 0.851824 0 1 0 
0.626667 0.581002 0.85045 0 1 0 
0.627500 0.582273 0.849457 0 1 0 
0.628333 0.582828 0.849025 0 1 0 
0.629167 0.584582 0.847662 0 1 0 
0.630000 0.585853 0.846677 0 1 0 
0.630833 0.586409 0.846248 0 1 0 
0.631667 0.588164 0.844896 0 1 0 
0.632500 0.589436 0.84392 0 1 0 
0.633333 0.589991 0.843494 0 1 0 
0.634167 0.591747 0.842153 0 1 0 
0.635000 0.59302 0.841185 0 1 0 
0.635833 0.593576 0.840763 0 1 0 
0.636667 0.595333 0.839433 0 1 0 
0.637500 0.596607 0.838473 0 1 0 
0.638333 0.597163 0.838054 0 1 0 
0.639167 0.598921 0.836736 0 1 0 
0.640000 0.600196 0.835783 0 1 0 
0.640833 0.600752 0.835368 0 1 0 
0.641667 0.602511 0.834061 0 1 0 
0.642500 0.603787 0.833116 0 1 0 
0.643333 0.604344 0.832705 0 1 0 
0.644167 0.606104 0.831408 0 1 0 
0.645000 0.60738 0.830471 0 1 0 
0.645833 0.607938 0.830063 0 1 0 
0.646667 0.609699 0.828777 0 1 0 
0.647500 0.610976 0.827848 0 1 0 
0.648333 0.611534 0.827444 0 1 0 
0.649167 0.613296 0.826168 0 1 0 
0.650000 0.614574 0.825247 0 1 0 
0.650833 0.615132 0.824846 0 1 0 
0.651667 0.616896 0.823582 0 1 0 
0.652500 0.618175 0.822669 0 1 0 
0.653333 0.618734 0.822271 0 1 0 
0.654167 0.620499 0.821017 0 1 0 
0.655000 0.621779 0.820112 0 1 0 
0.655833 0.622338 0.819717 0 1 0 
0.656667 0.624104 0.818474 0 1 0 
0.657500 0.625385 0.817576 0 1 0 
0.658333 0.625944 0.817185 0 1 0 
0.659167 0.627712 0.815953 0 1 0 
0.660000 0.628993 0.815063 0 1 0 
0.660833 0.629553 0.814675 0 1 0 
0.661667 0.631322 0.813453 0 1 0 
0.662500 0.632605 0.812571 0 1 0 
0.663333 0.633165 0.812186 0 1 0 
0.664167 0.634936 0.810975 0 1 0 
0.665000 0.636219 0.8101 0 1 0 
0.665833 0.63678 0.809719 0 1 0 
0.666667 0.638552 0.808518 0 1 0 
0.667500 0.639837 0.807651 0 1 0 
0.668333 0.640398 0.807273 0 1 0 
0.669167 0.642171 0.806082 0 1 0 
0.670000 0.643457 0.805223 0 1 0 
0.670833 0.644018 0.804848 0 1 0 
0.671667 0.645793 0.803668 0 1 0 
0.672500 0.64708 0.802816 0 1 0 
0.673333 0.647642 0.802444 0 1 0 
0.674167 0.649418 0.801275 0 1 0 
0.675000 0.650706 0.80043 0 1 0 
0.675833 0.651269 0.800062 0 1 0 
0.676667 0.653047 0.798902 0 1 0 
0.677500 0.654336 0.798065 0 1 0 
0.678333 0.654899 0.7977 0 1 0 
0.679167 0.656678 0.796551 0 1 0 
0.680000 0.657968 0.795721 0 1 0 
0.680833 0.658532 0.795359 0 1 0 
0.681667 0.660313 0.79422 0 1 0 
0.682500 0.661604 0.793398 0 1 0 
0.683333 0.662168 0.793039 0 1 0 
0.684167 0.663951 0.79191 0 1 0 
0.685000 0.665243 0.791095 0 1 0 
0.685833 0.665808 0.79074 0 1 0 
0.686667 0.667592 0.789621 0 1 0 
0.687500 0.668886 0.788813 0 1 0 
0.688333 0.669451 0.788461 0 1 0 
0.689167 0.671237 0.787352 0 1 0 
0.690000 0.672532 0.786551 0 1 0 
0.690833 0.673097 0.786202 0 1 0 
0.691667 0.674885 0.785103 0 1 0 
0.692500 0.676181 0.78431 0 1 0 
0.693333 0.676747 0.783964 0 1 0 
0.694167 0.678537 0.782875 0 1 0 
0.695000 0.679834 0.782089 0 1 0 
0.695833 0.680401 0.781746 0 1 0 
0.696667 0.682192 0.780667 0 1 0 
0.697500 0.683491 0.779888 0 1 0 
0.698333 0.684058 0.779549 0 1 0 
0.699167 0.685851 0.778479 0 1 0 
0.700000 0.687151 0.777707 0 1 0 
0.700833 0.687719 0.777371 0 1 0 
0.701667 0.689514 0.776312 0 1 0 
0.702500 0.690815 0.775547 0 1 0 
0.703333 0.691384 0.775214 0 1 0 
0.704167 0.69318 0.774164 0 1 0 
0.705000 0.694483 0.773406 0 1 0 
0.705833 0.695052 0.773076 0 1 0 
0.706667 0.696851 0.772036 0 1 0 
0.707500 0.698155 0.771285 0 1 0 
0.708333 0.698724 0.770958 0 1 0 
0.709167 0.700525 0.769928 0 1 0 
0.710000 0.70183 0.769184 0 1 0 
0.710833 0.702401 0.76886 0 1 0 
0.711667 0.704203 0.767839 0 1 0 
0.712500 0.70551 0.767102 0 1 0 
0.713333 0.706081 0.766781 0 1 0 
0.714167 0.707885 0.76577 0 1 0 
0.715000 0.709193 0.76504 0 1 0 
0.715833 0.709765 0.764722 0 1 0 
0.716667 0.711571 0.763721 0 1 0 
0.717500 0.712881 0.762998 0 1 0 
0.718333 0.713453 0.762683 0 1 0 
0.719167 0.715261 0.761691 0 1 0 
0.720000 0.716573 0.760975 0 1 0 
0.720833 0.717146 0.760663 0 1 0 
0.721667 0.718956 0.75968 0 1 0 
0.722500 0.720269 0.758971 0 1 0 
0.723333 0.720842 0.758662 0 1 0 
0.724167 0.722655 0.757689 0 1 0 
0.725000 0.723969 0.756986 0 1 0 
0.725833 0.724543 0.75668 0 1 0 
0.726667 0.726358 0.755717 0 1 0 
0.727500 0.727674 0.755021 0 1 0 
0.728333 0.728248 0.754718 0 1 0 
0.729167 0.730065 0.753763 0 1 0 
0.730000 0.731382 0.753075 0 1 0 
0.730833 0.731958 0.752774 0 1 0 
0.731667 0.733777 0.751829 0 1 0 
0.732500 0.735096 0.751147 0 1 0 
0.733333 0.735672 0.75085 0 1 0 
0.734167 0.737493 0.749914 0 1 0 
0.735000 0.738814 0.749239 0 1 0 
0.735833 0.739391 0.748944 0 1 0 
0.736667 0.741214 0.748018 0 1 0 
0.737500 0.742536 0.747349 0 1 0 
0.738333 0.743114 0.747057 0 1 0 
0.739167 0.744939 0.74614 0 1 0 
0.740000 0.746263 0.745478 0 1 0 
0.740833 0.746841 0.745189 0 1 0 
0.741667 0.748669 0.744281 0 1 0 
0.742500 0.749995 0.743625 0 1 0 
0.743333 0.750574 0.74334 0 1 0 
0.744167 0.752404 0.74244 0 1 0 
0.745000 0.753731 0.741791 0 1 0 
0.745833 0.754311 0.741509 0 1 0 
0.746667 0.756144 0.740618 0 1 0 
0.747500 0.757472 0.739976 0 1 0 
0.748333 0.758053 0.739696 0 1 0 
0.749167 0.759888 0.738815 0 1 0 
0.750000 0.761219 0.738179 0 1 0 
0.750833 0.7618 0.737902 0 1 0 
0.751667 0.763637 0.73703 0 1 0 
0.752500 0.764969 0.7364 0 1 0 
0.753333 0.765552 0.736126 0 1 0 
0.754167 0.767391 0.735263 0 1 0 
0.755000 0.768725 0.73464 0 1 0 
0.755833 0.769308 0.734368 0 1 0 
0.756667 0.77115 0.733514 0 1 0 
0.757500 0.772486 0.732897 0 1 0 
0.758333 0.77307 0.732629 0 1 0 
0.759167 0.774915 0.731783 0 1 0 
0.760000 0.776252 0.731173 0 1 0 
0.760833 0.776837 0.730908 0 1 0 
0.761667 0.778684 0.730071 0 1 0 
0.762500 0.780023 0.729467 0 1 0 
0.763333 0.780609 0.729204 0 1 0 
0.764167 0.782458 0.728376 0 1 0 
0.765000 0.7838 0.727779 0 1 0 
0.765833 0.784386 0.727518 0 1 0 
0.766667 0.786238 0.726699 0 1 0 
0.767500 0.787581 0.726108 0 1 0 
0.768333 0.788168 0.725851 0 1 0 
0.769167 0.790023 0.72504 0 1 0 
0.770000 0.791368 0.724455 0 1 0 
0.770833 0.791956 0.724201 0 1 0 
0.771667 0.793813 0.723399 0 1 0 
0.772500 0.795161 0.72282 0 1 0 
0.773333 0.795749 0.722569 0 1 0 
0.774167 0.797609 0.721775 0 1 0 
0.775000 0.798958 0.721203 0 1 0 
0.775833 0.799548 0.720954 0 1 0 
0.776667 0.80141 0.720169 0 1 0 
0.777500 0.802761 0.719603 0 1 0 
0.778333 0.803352 0.719357 0 1 0 
0.779167 0.805217 0.718581 0 1 0 
0.780000 0.80657 0.718021 0 1 0 
0.780833 0.807161 0.717777 0 1 0 
0.781667 0.809029 0.717009 0 1 0 
0.782500 0.810384 0.716456 0 1 0 
0.783333 0.810976 0.716215 0 1 0 
0.784167 0.812847 0.715456 0 1 0 
0.785000 0.814204 0.714908 0 1 0 
0.785833 0.814797 0.71467 0 1 0 
0.786667 0.816671 0.713919 0 1 0 
0.787500 0.81803 0.713378 0 1 0 
0.788333 0.818624 0.713142 0 1 0 
0.789167 0.8205 0.7124 0 1 0 
0.790000 0.821861 0.711864 0 1 0 
0.790833 0.822456 0.711631 0 1 0 
0.791667 0.824335 0.710898 0 1 0 
0.792500 0.825699 0.710368 0 1 0 
0.793333 0.826294 0.710138 0 1 0 
0.794167 0.828176 0.709412 0 1 0 
0.795000 0.829542 0.708889 0 1 0 
0.795833 0.830138 0.708661 0 1 0 
0.796667 0.832023 0.707944 0 1 0 
0.797500 0.833391 0.707427 0 1 0 
0.798333 0.833988 0.707202 0 1 0 
0.799167 0.835876 0.706493 0 1 0 
0.800000 0.837246 0.705982 1 0 0 
0.800833 0.836921 0.706854 1 0 0 
0.801667 0.835897 0.709613 1 0 0 
0.802500 0.835155 0.711616 1 0 0 
0.803333 0.834832 0.712492 1 0 0 
0.804167 0.83381 0.715263 1 0 0 
0.805000 0.83307 0.717274 1 0 0 
0.805833 0.832747 0.718153 1 0 0 
0.806667 0.831728 0.720935 1 0 0 
0.807500 0.83099 0.722955 1 0 0 
0.808333 0.830668 0.723837 1 0 0 
0.809167 0.829651 0.726631 1 0 0 
0.810000 0.828915 0.728658 1 0 0 
0.810833 0.828594 0.729545 1 0 0 
0.811667 0.82758 0.73235 1 0 0 
0.812500 0.826845 0.734386 1 0 0 
0.813333 0.826525 0.735276 1 0 0 
0.814167 0.825513 0.738092 1 0 0 
0.815000 0.824781 0.740137 1 0 0 
0.815833 0.824461 0.74103 1 0 0 
0.816667 0.823452 0.743858 1 0 0 
0.817500 0.822721 0.745911 1 0 0 
0.818333 0.822403 0.746809 1 0 0 
0.819167 0.821396 0.749648 1 0 0 
0.820000 0.820667 0.751709 1 0 0 
0.820833 0.820349 0.75261 1 0 0 
0.821667 0.819345 0.755462 1 0 0 
0.822500 0.818618 0.757532 1 0 0 
0.823333 0.818301 0.758436 1 0 0 
0.824167 0.817299 0.761299 1 0 0 
0.825000 0.816574 0.763378 0 1 0 
0.825833 0.817187 0.763103 0 1 0 
0.826667 0.819123 0.762237 0 1 0 
0.827500 0.820527 0.761612 0 1 0 
0.828333 0.82114 0.76134 0 1 0 
0.829167 0.823079 0.760483 0 1 0 
0.830000 0.824485 0.759864 0 1 0 
0.830833 0.825099 0.759595 0 1 0 
0.831667 0.827041 0.758747 0 1 0 
0.832500 0.828448 0.758135 0 1 0 
0.833333 0.829064 0.757869 0 1 0 
0.834167 0.831008 0.75703 0 1 0 
0.835000 0.832418 0.756425 0 1 0 
0.835833 0.833034 0.756162 0 1 0 
0.836667 0.834981 0.755332 0 1 0 
0.837500 0.836393 0.754733 0 1 0 
0.838333 0.83701 0.754473 0 1 0 
0.839167 0.838959 0.753652 0 1 0 
0.840000 0.840373 0.75306 0 1 0 
0.840833 0.840991 0.752802 0 1 0 
0.841667 0.842944 0.75199 0 1 0 
0.842500 0.84436 0.751404 0 1 0 
0.843333 0.844979 0.751149 0 1 0 
0.844167 0.846934 0.750347 0 1 0 
0.845000 0.848352 0.749767 0 1 0 
0.845833 0.848972 0.749515 0 1 0 
0.846667 0.85093 0.748721 0 1 0 
0.847500 0.852351 0.748149 0 1 0 
0.848333 0.852971 0.747899 0 1 0 
0.849167 0.854932 0.747114 0 1 0 
0.850000 0.856355 0.746548 0 1 0 
0.850833 0.856976 0.746301 0 1 0 
0.851667 0.85894 0.745525 0 1 0 
0.852500 0.860365 0.744965 0 1 0 
0.853333 0.860987 0.744721 0 1 0 
0.854167 0.862955 0.743953 0 1 0 
0.855000 0.864381 0.7434 0 1 0 
0.855833 0.865005 0.743159 0 1 0 
0.856667 0.866975 0.7424 0 1 0 
0.857500 0.868404 0.741853 0 1 0 
0.858333 0.869028 0.741614 0 1 0 
0.859167 0.871002 0.740864 0 1 0 
0.860000 0.872433 0.740323 0 1 0 
0.860833 0.873058 0.740088 0 1 0 
0.861667 0.875034 0.739346 0 1 0 
0.862500 0.876468 0.738812 0 1 0 
0.863333 0.877094 0.738579 0 1 0 
0.864167 0.879074 0.737846 0 1 0 
0.865000 0.880509 0.737318 0 1 0 
0.865833 0.881136 0.737087 0 1 0 
0.866667 0.883119 0.736363 0 1 0 
0.867500 0.884557 0.735841 0 1 0 
0.868333 0.885185 0.735614 0 1 0 
0.869167 0.887171 0.734898 0 1 0 
0.870000 0.888611 0.734382 0 1 0 
0.870833 0.88924 0.734157 0 1 0 
0.871667 0.891229 0.73345 0 1 0 
0.872500 0.892672 0.73294 0 1 0 
0.873333 0.893302 0.732718 0 1 0 
0.874167 0.895294 0.73202 0 1 0 
0.875000 0.896739 0.731516 1 0 0 
0.875833 0.896392 0.732431 1 0 0 
0.876667 0.895295 0.735326 1 0 0 
0.877500 0.8945 0.737427 1 0 0 
0.878333 0.894154 0.738346 1 0 0 
0.879167 0.893059 0.741252 1 0 0 
0.880000 0.892267 0.743363 1 0 0 
0.880833 0.891921 0.744285 1 0 0 
0.881667 0.890829 0.747203 1 0 0 
0.882500 0.890039 0.749322 1 0 0 
0.883333 0.889694 0.750248 1 0 0 
0.884167 0.888605 0.753179 1 0 0 
0.885000 0.887817 0.755306 1 0 0 
0.885833 0.887472 0.756236 1 0 0 
0.886667 0.886386 0.759178 1 0 0 
0.887500 0.8856 0.761314 1 0 0 
0.888333 0.885257 0.762248 1 0 0 
0.889167 0.884173 0.765202 1 0 0 
0.890000 0.883389 0.767347 1 0 0 
0.890833 0.883046 0.768285 1 0 0 
0.891667 0.881965 0.771251 1 0 0 
0.892500 0.881183 0.773405 1 0 0 
0.893333 0.880841 0.774346 1 0 0 
0.894167 0.879763 0.777325 1 0 0 
0.895000 0.878983 0.779487 1 0 0 
0.895833 0.878642 0.780433 1 0 0 
0.896667 0.877566 0.783423 1 0 0 
0.897500 0.876788 0.785595 1 0 0 
0.898333 0.876448 0.786544 1 0 0 
0.899167 0.875375 0.789547 1 0 0 
0.900000 0.874599 0.791727 0 1 0 
0.900833 0.875245 0.791453 0 1 0 
0.901667 0.877287 0.790588 0 1 0 
0.902500 0.878767 0.789965 0 1 0 
0.903333 0.879414 0.789693 0 1 0 
0.904167 0.881459 0.788838 0 1 0 
0.905000 0.882942 0.788221 0 1 0 
0.905833 0.88359 0.787953 0 1 0 
0.906667 0.885638 0.787107 0 1 0 
0.907500 0.887123 0.786497 0 1 0 
0.908333 0.887772 0.786232 0 1 0 
0.909167 0.889823 0.785395 0 1 0 
0.910000 0.89131 0.784792 0 1 0 
0.910833 0.89196 0.784529 0 1 0 
0.911667 0.894014 0.783702 0 1 0 
0.912500 0.895504 0.783106 0 1 0 
0.913333 0.896155 0.782846 0 1 0 
0.914167 0.898212 0.782028 0 1 0 
0.915000 0.899704 0.781438 0 1 0 
0.915833 0.900355 0.781182 0 1 0 
0.916667 0.902415 0.780373 0 1 0 
0.917500 0.90391 0.77979 0 1 0 
0.918333 0.904562 0.779536 0 1 0 
0.919167 0.906626 0.778737 0 1 0 
0.920000 0.908122 0.77816 0 1 0 
0.920833 0.908776 0.777909 0 1 0 
0.921667 0.910842 0.777119 0 1 0 
0.922500 0.912341 0.776549 0 1 0 
0.923333 0.912996 0.776301 0 1 0 
0.924167 0.915065 0.77552 0 1 0 
0.925000 0.916567 0.774956 0 1 0 
0.925833 0.917222 0.774711 0 1 0 
0.926667 0.919295 0.773939 0 1 0 
0.927500 0.920799 0.773382 0 1 0 
0.928333 0.921455 0.77314 0 1 0 
0.929167 0.923532 0.772377 0 1 0 
0.930000 0.925037 0.771826 0 1 0 
0.930833 0.925695 0.771587 0 1 0 
0.931667 0.927775 0.770833 0 1 0 
0.932500 0.929283 0.770289 0 1 0 
0.933333 0.929942 0.770052 0 1 0 
0.934167 0.932025 0.769307 0 1 0 
0.935000 0.933535 0.76877 0 1 0 
0.935833 0.934195 0.768536 0 1 0 
0.936667 0.936282 0.7678 0 1 0 
0.937500 0.937795 0.767269 0 1 0 
0.938333 0.938456 0.767038 0 1 0 
0.939167 0.940545 0.766311 0 1 0 
0.940000 0.942061 0.765786 0 1 0 
0.940833 0.942723 0.765558 0 1 0 
0.941667 0.944816 0.764839 0 1 0 
0.942500 0.946334 0.764321 0 1 0 
0.943333 0.946997 0.764096 0 1 0 
0.944167 0.949093 0.763386 0 1 0 
0.945000 0.950614 0.762875 0 1 0 
0.945833 0.951278 0.762652 0 1 0 
0.946667 0.953378 0.761951 0 1 0 
0.947500 0.954901 0.761446 0 1 0 
0.948333 0.955567 0.761226 0 1 0 
0.949167 0.95767 0.760534 0 1 0 
0.950000 0.959196 0.760035 1 0 0 
0.950833 0.958824 0.760996 1 0 0 
0.951667 0.95765 0.764037 1 0 0 
0.952500 0.956801 0.766245 1 0 0 
0.953333 0.95643 0.767211 1 0 0 
0.954167 0.955259 0.770264 1 0 0 
0.955000 0.954412 0.772481 1 0 0 
0.955833 0.954042 0.77345 1 0 0 
0.956667 0.952874 0.776516 1 0 0 
0.957500 0.952029 0.778742 1 0 0 
0.958333 0.95166 0.779715 1 0 0 
0.959167 0.950495 0.782794 1 0 0 
0.960000 0.949652 0.785029 1 0 0 
0.960833 0.949284 0.786006 1 0 0 
0.961667 0.948122 0.789097 1 0 0 
0.962500 0.94728 0.791341 1 0 0 
0.963333 0.946913 0.792322 1 0 0 
0.964167 0.945754 0.795425 1 0 0 
0.965000 0.944915 0.797679 1 0 0 
0.965833 0.944549 0.798664 1 0 0 
0.966667 0.943393 0.80178 1 0 0 
0.967500 0.942556 0.804042 1 0 0 
0.968333 0.942191 0.805031 1 0 0 
0.969167 0.941037 0.80816 1 0 0 
0.970000 0.940202 0.810432 1 0 0 
0.970833 0.939838 0.811425 1 0 0 
0.971667 0.938688 0.814567 1 0 0 
0.972500 0.937855 0.816848 1 0 0 
0.973333 0.937491 0.817845 1 0 0 
0.974167 0.936344 0.820999 1 0 0 
0.975000 0.935513 0.82329 0 1 0 
0.975833 0.936195 0.823014 0 1 0 
0.976667 0.93835 0.822147 0 1 0 
0.977500 0.939913 0.821522 0 1 0 
0.978333 0.940596 0.82125 0 1 0 
0.979167 0.942755 0.820392 0 1 0 
0.980000 0.94432 0.819774 0 1 0 
0.980833 0.945004 0.819505 0 1 0 
0.981667 0.947166 0.818657 0 1 0 
0.982500 0.948734 0.818046 0 1 0 
0.983333 0.949419 0.81778 0 1 0 
0.984167 0.951584 0.816942 0 1 0 
0.985000 0.953154 0.816337 0 1 0 
0.985833 0.95384 0.816074 0 1 0 
0.986667 0.956009 0.815246 0 1 0 
0.987500 0.957581 0.814648 0 1 0 
0.988333 0.958268 0.814388 0 1 0 
0.989167 0.96044 0.813569 0 1 0 
0.990000 0.962015 0.812979 0 1 0 
0.990833 0.962704 0.812721 0 1 0 
0.991667 0.964879 0.811912 0 1 0 
0.992500 0.966456 0.811328 0 1 0 
0.993333 0.967146 0.811074 0 1 0 
0.994167 0.969324 0.810274 0 1 0 
0.995000 0.970904 0.809698 0 1 0 
0.995833 0.971595 0.809446 0 1 0 
0.996667 0.973777 0.808656 0 1 0 
0.997500 0.975359 0.808086 0 1 0 
0.998333 0.976051 0.807838 0 1 0 
0.999167 0.978236 0.807057 0 1 0 
1.000000 0.979822 0.806493 0 1 0 

