0.000000 -0.1 
0.025000 -0.087655 
0.050000 -0.0756147 
0.075000 -0.0638718 
0.100000 -0.0595771 
0.125000 -0.0544733 
0.150000 -0.0485253 
0.175000 -0.0416975 
0.200000 -0.0339535 
0.225000 -0.0252564 
0.250000 -0.0155683 
0.275000 -0.00485094 
0.300000 -5.83783e-08 
0.325000 -6.56048e-08 
0.350000 -7.5095e-08 
0.375000 -8.76002e-08 
0.400000 -1.04819e-07 
0.425000 -1.30021e-07 
0.450000 -1.70412e-07 
0.475000 -2.45597e-07 
0.500000 -4.34419e-07 
0.525000 -2.56961e-06 
0.550000 -0.0339515 
0.575000 -0.06875 
0.600000 -0.103559 
0.625000 -0.138441 
0.650000 -0.173459 
0.675000 -0.208675 
0.700000 -0.244149 
0.725000 -0.27994 
0.750000 -0.316106 
0.775000 -0.352704 
0.800000 -0.381765 
0.825000 -0.398664 
0.850000 -0.416586 
0.875000 -0.435017 
0.900000 -0.453998 
0.925000 -0.473554 
0.950000 -0.493713 
0.975000 -0.514509 
1.000000 -0.533722 
